#reader(lib"read.ss""wxme")WXME0108 ## 
#|
   This file uses the GRacket editor format.
   Open this file in DrRacket version 6.1 or later to read it.

   Most likely, it was created by saving a program in DrRacket,
   and it probably contains a program with non-text elements
   (such as images or comment boxes).

            http://racket-lang.org/
|#
 31 7 #"wxtext\0"
3 1 6 #"wxtab\0"
1 1 8 #"wximage\0"
2 0 8 #"wxmedia\0"
4 1 34 #"(lib \"syntax-browser.ss\" \"mrlib\")\0"
1 0 16 #"drscheme:number\0"
3 0 44 #"(lib \"number-snip.ss\" \"drscheme\" \"private\")\0"
1 0 36 #"(lib \"comment-snip.ss\" \"framework\")\0"
1 0 93
(
 #"((lib \"collapsed-snipclass.ss\" \"framework\") (lib \"collapsed-sni"
 #"pclass-wxme.ss\" \"framework\"))\0"
) 0 0 43 #"(lib \"collapsed-snipclass.ss\" \"framework\")\0"
0 0 19 #"drscheme:sexp-snip\0"
0 0 36 #"(lib \"cache-image-snip.ss\" \"mrlib\")\0"
1 0 68
(
 #"((lib \"image-core.ss\" \"mrlib\") (lib \"image-core-wxme.rkt\" \"mr"
 #"lib\"))\0"
) 1 0 29 #"drscheme:bindings-snipclass%\0"
1 0 88
(
 #"((lib \"pict-snip.rkt\" \"drracket\" \"private\") (lib \"pict-snip.r"
 #"kt\" \"drracket\" \"private\"))\0"
) 0 0 34 #"(lib \"bullet-snip.rkt\" \"browser\")\0"
0 0 25 #"(lib \"matrix.ss\" \"htdp\")\0"
1 0 22 #"drscheme:lambda-snip%\0"
1 0 29 #"drclickable-string-snipclass\0"
0 0 26 #"drracket:spacer-snipclass\0"
0 0 57
#"(lib \"hrule-snip.rkt\" \"macro-debugger\" \"syntax-browser\")\0"
1 0 26 #"drscheme:pict-value-snip%\0"
0 0 45 #"(lib \"image-snipr.ss\" \"slideshow\" \"private\")\0"
1 0 38 #"(lib \"pict-snipclass.ss\" \"slideshow\")\0"
2 0 55 #"(lib \"vertical-separator-snip.ss\" \"stepper\" \"private\")\0"
1 0 18 #"drscheme:xml-snip\0"
1 0 31 #"(lib \"xml-snipclass.ss\" \"xml\")\0"
1 0 21 #"drscheme:scheme-snip\0"
2 0 34 #"(lib \"scheme-snipclass.ss\" \"xml\")\0"
1 0 10 #"text-box%\0"
1 0 32 #"(lib \"text-snipclass.ss\" \"xml\")\0"
1 0 1 6 #"wxloc\0"
          0 0 56 0 1 #"\0"
0 75 1 #"\0"
0 12 90 -1 90 -1 3 -1 0 1 0 1 0 0 0 0 0 0 0 0 0 0 0 255 255 255 1 -1 0 9
#"Standard\0"
0 75 10 #"Monospace\0"
0 12 90 -1 90 -1 3 -1 0 1 0 1 0 0 0 0 0 0 0 0 0 0 0 255 255 255 1 -1 2 1
#"\0"
0 -1 1 #"\0"
1 0 -1 -1 -1 -1 -1 -1 0 0 0 0 0 0 1 1 1 1 1 1 0 0 0 0 0 0 -1 -1 2 24
#"framework:default-color\0"
0 -1 1 #"\0"
1 0 -1 -1 -1 -1 -1 -1 0 0 0 0 0 1 0 0 0 0 0 0 0 0 0 255 255 255 -1 -1 2
1 #"\0"
0 -1 1 #"\0"
1 0 -1 -1 -1 -1 -1 -1 0 0 0 0 0 0 0 0 0 1 1 1 150 0 150 0 0 0 -1 -1 2 15
#"text:ports out\0"
0 -1 1 #"\0"
1 0 -1 92 -1 93 -1 -1 0 1 0 0 0 0 0 0 0 1 1 1 150 0 150 0 0 0 -1 -1 2 1
#"\0"
0 -1 1 #"\0"
1.0 0 -1 -1 93 -1 -1 -1 0 0 0 0 0 0 0 0 0 1.0 1.0 1.0 255 0 0 0 0 0 -1
-1 2 15 #"text:ports err\0"
0 -1 1 #"\0"
1 0 -1 92 93 -1 -1 -1 0 1 0 0 0 0 0 0 0 1 1 1 255 0 0 0 0 0 -1 -1 2 1
#"\0"
0 -1 1 #"\0"
1 0 -1 -1 -1 -1 -1 -1 0 0 0 0 0 0 0 0 0 1 1 1 0 0 175 0 0 0 -1 -1 2 17
#"text:ports value\0"
0 -1 1 #"\0"
1 0 -1 92 -1 93 -1 -1 0 1 0 0 0 0 0 0 0 1 1 1 0 0 175 0 0 0 -1 -1 2 1
#"\0"
0 -1 1 #"\0"
1.0 0 92 -1 -1 -1 -1 -1 0 0 0 0 0 0 0 0 0 1.0 1.0 1.0 34 139 34 0 0 0 -1
-1 2 27 #"Matching Parenthesis Style\0"
0 -1 1 #"\0"
1.0 0 92 -1 -1 -1 -1 -1 0 0 0 0 0 0 0 0 0 1.0 1.0 1.0 34 139 34 0 0 0 -1
-1 2 1 #"\0"
0 -1 1 #"\0"
1 0 -1 92 -1 93 -1 -1 0 1 0 0 0 0 0 0 0 1 1 1 38 38 128 0 0 0 -1 -1 2 37
#"framework:syntax-color:scheme:symbol\0"
0 -1 1 #"\0"
1 0 -1 92 -1 93 -1 -1 0 1 0 0 0 0 0 0 0 1 1 1 38 38 128 0 0 0 -1 -1 2 38
#"framework:syntax-color:scheme:keyword\0"
0 -1 1 #"\0"
1 0 -1 92 -1 93 -1 -1 0 1 0 0 0 0 0 0 0 1 1 1 38 38 128 0 0 0 -1 -1 2 1
#"\0"
0 -1 1 #"\0"
1 0 -1 92 -1 93 -1 -1 0 1 0 0 0 0 0 0 0 1 1 1 194 116 31 0 0 0 -1 -1 2
38 #"framework:syntax-color:scheme:comment\0"
0 -1 1 #"\0"
1 0 -1 92 -1 93 -1 -1 0 1 0 0 0 0 0 0 0 1 1 1 194 116 31 0 0 0 -1 -1 2 1
#"\0"
0 -1 1 #"\0"
1 0 -1 92 -1 93 -1 -1 0 1 0 0 0 0 0 0 0 1 1 1 41 128 38 0 0 0 -1 -1 2 37
#"framework:syntax-color:scheme:string\0"
0 -1 1 #"\0"
1 0 -1 92 -1 93 -1 -1 0 1 0 0 0 0 0 0 0 1 1 1 41 128 38 0 0 0 -1 -1 2 35
#"framework:syntax-color:scheme:text\0"
0 -1 1 #"\0"
1 0 -1 92 -1 93 -1 -1 0 1 0 0 0 0 0 0 0 1 1 1 41 128 38 0 0 0 -1 -1 2 39
#"framework:syntax-color:scheme:constant\0"
0 -1 1 #"\0"
1 0 -1 92 -1 93 -1 -1 0 1 0 0 0 0 0 0 0 1 1 1 41 128 38 0 0 0 -1 -1 2 1
#"\0"
0 -1 1 #"\0"
1 0 -1 92 -1 93 -1 -1 0 1 0 0 0 0 0 0 0 1 1 1 132 60 36 0 0 0 -1 -1 2 49
#"framework:syntax-color:scheme:hash-colon-keyword\0"
0 -1 1 #"\0"
1 0 -1 92 -1 93 -1 -1 0 1 0 0 0 0 0 0 0 1 1 1 132 60 36 0 0 0 -1 -1 2 42
#"framework:syntax-color:scheme:parenthesis\0"
0 -1 1 #"\0"
1 0 -1 92 -1 93 -1 -1 0 1 0 0 0 0 0 0 0 1 1 1 132 60 36 0 0 0 -1 -1 2 1
#"\0"
0 -1 1 #"\0"
1 0 -1 92 -1 93 -1 -1 0 1 0 0 0 0 0 0 0 1 1 1 255 0 0 0 0 0 -1 -1 2 36
#"framework:syntax-color:scheme:error\0"
0 -1 1 #"\0"
1 0 -1 92 -1 93 -1 -1 0 1 0 0 0 0 0 0 0 1 1 1 255 0 0 0 0 0 -1 -1 2 1
#"\0"
0 -1 1 #"\0"
1 0 -1 92 -1 93 -1 -1 0 1 0 0 0 0 0 0 0 1 1 1 0 0 0 0 0 0 -1 -1 2 36
#"framework:syntax-color:scheme:other\0"
0 -1 1 #"\0"
1 0 -1 92 -1 93 -1 -1 0 1 0 0 0 0 0 0 0 1 1 1 0 0 0 0 0 0 -1 -1 2 16
#"Misspelled Text\0"
0 -1 1 #"\0"
1 0 -1 -1 -1 -1 -1 -1 0 0 0 0 0 0 0 0 0 1 1 1 0 0 0 0 0 0 -1 -1 2 1
#"\0"
0 -1 1 #"\0"
1 0 -1 92 -1 93 -1 -1 0 1 0 0 0 0 0 0 0 1 1 1 81 112 203 0 0 0 -1 -1 2
38 #"drracket:check-syntax:lexically-bound\0"
0 -1 1 #"\0"
1 0 -1 92 -1 93 -1 -1 0 1 0 0 0 0 0 0 0 1 1 1 81 112 203 0 0 0 -1 -1 2 1
#"\0"
0 -1 1 #"\0"
1 0 -1 92 -1 93 -1 -1 0 1 0 0 0 0 0 0 0 1 1 1 178 34 34 0 0 0 -1 -1 2 28
#"drracket:check-syntax:set!d\0"
0 -1 1 #"\0"
1 0 -1 92 -1 93 -1 -1 0 1 0 0 0 0 0 0 0 1 1 1 178 34 34 0 0 0 -1 -1 2 37
#"drracket:check-syntax:unused-require\0"
0 -1 1 #"\0"
1 0 -1 92 -1 93 -1 -1 0 1 0 0 0 0 0 0 0 1 1 1 255 0 0 0 0 0 -1 -1 2 36
#"drracket:check-syntax:free-variable\0"
0 -1 1 #"\0"
1 0 -1 92 -1 93 -1 -1 0 1 0 0 0 0 0 0 0 1 1 1 255 0 0 0 0 0 -1 -1 2 1
#"\0"
0 -1 1 #"\0"
1 0 -1 92 -1 93 -1 -1 0 1 0 0 0 0 0 0 0 1 1 1 68 0 203 0 0 0 -1 -1 2 31
#"drracket:check-syntax:imported\0"
0 -1 1 #"\0"
1 0 -1 92 -1 93 -1 -1 0 1 0 0 0 0 0 0 0 1 1 1 68 0 203 0 0 0 -1 -1 2 47
#"drracket:check-syntax:my-obligation-style-pref\0"
0 -1 1 #"\0"
1 0 -1 92 -1 93 -1 -1 0 1 0 0 0 0 0 0 0 1 1 1 178 34 34 0 0 0 -1 -1 2 1
#"\0"
0 -1 1 #"\0"
1 0 -1 92 -1 93 -1 -1 0 1 0 0 0 0 0 0 0 1 1 1 0 116 0 0 0 0 -1 -1 2 50
#"drracket:check-syntax:their-obligation-style-pref\0"
0 -1 1 #"\0"
1 0 -1 92 -1 93 -1 -1 0 1 0 0 0 0 0 0 0 1 1 1 0 116 0 0 0 0 -1 -1 2 48
#"drracket:check-syntax:unk-obligation-style-pref\0"
0 -1 1 #"\0"
1 0 -1 92 -1 93 -1 -1 0 1 0 0 0 0 0 0 0 1 1 1 0 0 0 0 0 0 -1 -1 2 1
#"\0"
0 -1 1 #"\0"
1 0 -1 92 -1 93 -1 -1 0 1 0 0 0 0 0 0 0 1 1 1 139 142 28 0 0 0 -1 -1 2
49 #"drracket:check-syntax:both-obligation-style-pref\0"
0 -1 1 #"\0"
1 0 -1 92 -1 93 -1 -1 0 1 0 0 0 0 0 0 0 1 1 1 139 142 28 0 0 0 -1 -1 2
26 #"plt:htdp:test-coverage-on\0"
0 -1 1 #"\0"
1 0 -1 92 -1 93 -1 -1 0 1 0 0 0 0 0 0 0 1 1 1 0 0 0 0 0 0 -1 -1 2 1
#"\0"
0 -1 1 #"\0"
1 0 -1 92 -1 93 -1 -1 0 1 0 0 0 1 0 0 0 0 0 0 255 165 0 0 0 0 -1 -1 2 27
#"plt:htdp:test-coverage-off\0"
0 -1 1 #"\0"
1 0 -1 92 -1 93 -1 -1 0 1 0 0 0 1 0 0 0 0 0 0 255 165 0 0 0 0 -1 -1 4 1
#"\0"
0 70 1 #"\0"
1.0 0 -1 -1 -1 -1 -1 -1 0 0 0 0 0 0 1.0 1.0 1.0 1.0 1.0 1.0 0 0 0 0 0 0
-1 -1 4 4 #"XML\0"
0 70 1 #"\0"
1.0 0 -1 -1 -1 -1 -1 -1 0 0 0 0 0 0 1.0 1.0 1.0 1.0 1.0 1.0 0 0 0 0 0 0
-1 -1 2 37 #"plt:module-language:test-coverage-on\0"
0 -1 1 #"\0"
1 0 -1 92 -1 93 -1 -1 0 1 0 0 0 0 0 0 0 1 1 1 0 0 0 0 0 0 -1 -1 2 38
#"plt:module-language:test-coverage-off\0"
0 -1 1 #"\0"
1 0 -1 92 -1 93 -1 -1 0 1 0 0 0 1 0 0 0 0 0 0 255 165 0 0 0 0 -1 -1 4 1
#"\0"
0 71 1 #"\0"
1.0 0 -1 -1 -1 -1 -1 -1 0 0 0 0 0 0 1.0 1.0 1.0 1.0 1.0 1.0 0 0 0 0 0 0
-1 -1 4 1 #"\0"
0 -1 1 #"\0"
1.0 0 -1 -1 -1 -1 -1 -1 1 0 0 0 0 0 0 0 0 1.0 1.0 1.0 0 0 255 0 0 0 -1
-1 4 1 #"\0"
0 71 1 #"\0"
1.0 0 -1 -1 -1 -1 -1 -1 1 0 0 0 0 0 0 0 0 1.0 1.0 1.0 0 0 255 0 0 0 -1
-1 4 1 #"\0"
0 71 1 #"\0"
1.0 0 -1 -1 -1 -1 -1 -1 0 0 0 0 0 0 0 0 0 1.0 1.0 1.0 0 100 0 0 0 0 -1
-1 2 1 #"\0"
0 -1 1 #"\0"
1 0 -1 -1 -1 -1 -1 -1 0 0 0 0 0 0 0 0 0 1 1 1 200 0 0 0 0 0 -1 -1
          0 3227 0 28 3 12 #"#lang racket"
0 0 24 29 1 #"\n"
0 0 24 3 1 #"("
0 0 15 3 7 #"require"
0 0 24 3 1 #" "
0 0 14 3 12 #"gigls/unsafe"
0 0 24 3 1 #")"
0 0 24 29 1 #"\n"
0 0 24 29 1 #"\n"
0 0 24 29 1 #"\n"
0 0 24 3 1 #"("
0 0 15 3 6 #"define"
0 0 24 3 1 #" "
0 0 14 3 9 #"split-num"
0 0 24 3 1 #" "
0 0 24 29 1 #"\n"
0 0 24 3 3 #"  ("
0 0 15 3 6 #"lambda"
0 0 24 3 2 #" ("
0 0 14 3 3 #"num"
0 0 24 3 1 #")"
0 0 24 29 1 #"\n"
0 0 24 3 5 #"    ("
0 0 14 3 4 #"list"
0 0 24 3 2 #" ("
0 0 14 3 8 #"quotient"
0 0 24 3 1 #" "
0 0 14 3 3 #"num"
0 0 24 3 1 #" "
0 0 21 3 3 #"100"
0 0 24 3 1 #")"
0 0 24 29 1 #"\n"
0 0 24 3 11 #"          ("
0 0 14 3 9 #"remainder"
0 0 24 3 2 #" ("
0 0 14 3 8 #"quotient"
0 0 24 3 1 #" "
0 0 14 3 3 #"num"
0 0 24 3 1 #" "
0 0 21 3 2 #"10"
0 0 24 3 2 #") "
0 0 21 3 2 #"10"
0 0 24 3 1 #")"
0 0 24 29 1 #"\n"
0 0 24 3 11 #"          ("
0 0 14 3 9 #"remainder"
0 0 24 3 1 #" "
0 0 14 3 3 #"num"
0 0 24 3 1 #" "
0 0 21 3 2 #"10"
0 0 24 3 2 #"))"
0 0 24 29 1 #"\n"
0 0 24 3 5 #"    )"
0 0 24 29 1 #"\n"
0 0 24 3 3 #"  )"
0 0 24 29 1 #"\n"
0 0 24 29 1 #"\n"
0 0 24 29 1 #"\n"
0 0 24 3 1 #"("
0 0 15 3 6 #"define"
0 0 24 3 1 #" "
0 0 14 3 7 #"draw-bg"
0 0 24 29 1 #"\n"
0 0 24 3 3 #"  ("
0 0 15 3 6 #"lambda"
0 0 24 3 2 #" ("
0 0 14 3 5 #"image"
0 0 24 3 1 #" "
0 0 14 3 5 #"color"
0 0 24 3 1 #")"
0 0 24 29 1 #"\n"
0 0 24 3 8 #"       ("
0 0 15 3 4 #"let*"
0 0 24 3 3 #" (["
0 0 14 3 7 #"bgcolor"
0 0 24 3 2 #" ("
0 0 14 3 4 #"irgb"
0 0 24 3 2 #" ("
0 0 14 3 1 #"-"
0 0 24 3 2 #" ("
0 0 14 3 8 #"irgb-red"
0 0 24 3 1 #" "
0 0 14 3 5 #"color"
0 0 24 3 2 #") "
0 0 21 3 2 #"50"
0 0 24 3 1 #")"
0 0 24 29 1 #"\n"
0 0 24 3 30 #"                             ("
0 0 14 3 1 #"-"
0 0 24 3 2 #" ("
0 0 14 3 10 #"irgb-green"
0 0 24 3 1 #" "
0 0 14 3 5 #"color"
0 0 24 3 2 #") "
0 0 21 3 2 #"50"
0 0 24 3 1 #")"
0 0 24 29 1 #"\n"
0 0 24 3 30 #"                             ("
0 0 14 3 1 #"-"
0 0 24 3 2 #" ("
0 0 14 3 9 #"irgb-blue"
0 0 24 3 1 #" "
0 0 14 3 5 #"color"
0 0 24 3 2 #") "
0 0 21 3 2 #"50"
0 0 24 3 3 #"))]"
0 0 24 29 1 #"\n"
0 0 24 3 15 #"              ["
0 0 14 3 8 #"bgcolor2"
0 0 24 3 2 #" ("
0 0 14 3 4 #"irgb"
0 0 24 3 2 #" ("
0 0 14 3 1 #"-"
0 0 24 3 2 #" ("
0 0 14 3 8 #"irgb-red"
0 0 24 3 1 #" "
0 0 14 3 5 #"color"
0 0 24 3 2 #") "
0 0 21 3 3 #"240"
0 0 24 3 1 #")"
0 0 24 29 1 #"\n"
0 0 24 3 30 #"                             ("
0 0 14 3 1 #"-"
0 0 24 3 2 #" ("
0 0 14 3 10 #"irgb-green"
0 0 24 3 1 #" "
0 0 14 3 5 #"color"
0 0 24 3 2 #") "
0 0 21 3 3 #"240"
0 0 24 3 1 #")"
0 0 24 29 1 #"\n"
0 0 24 3 30 #"                             ("
0 0 14 3 1 #"-"
0 0 24 3 2 #" ("
0 0 14 3 9 #"irgb-blue"
0 0 24 3 1 #" "
0 0 14 3 5 #"color"
0 0 24 3 2 #") "
0 0 21 3 3 #"240"
0 0 24 3 3 #"))]"
0 0 24 29 1 #"\n"
0 0 24 3 15 #"              ["
0 0 14 3 6 #"icolor"
0 0 24 3 2 #" ("
0 0 14 3 15 #"irgb-complement"
0 0 24 3 1 #" "
0 0 14 3 7 #"bgcolor"
0 0 24 3 2 #")]"
0 0 24 29 1 #"\n"
0 0 24 3 15 #"              ["
0 0 14 3 10 #"innercolor"
0 0 24 3 2 #" ("
0 0 14 3 4 #"irgb"
0 0 24 3 2 #" ("
0 0 14 3 1 #"-"
0 0 24 3 2 #" ("
0 0 14 3 8 #"irgb-red"
0 0 24 3 1 #" "
0 0 14 3 6 #"icolor"
0 0 24 3 2 #") "
0 0 21 3 2 #"50"
0 0 24 3 1 #")"
0 0 24 29 1 #"\n"
0 0 24 3 30 #"                             ("
0 0 14 3 1 #"-"
0 0 24 3 2 #" ("
0 0 14 3 10 #"irgb-green"
0 0 24 3 1 #" "
0 0 14 3 6 #"icolor"
0 0 24 3 2 #") "
0 0 21 3 2 #"50"
0 0 24 3 1 #")"
0 0 24 29 1 #"\n"
0 0 24 3 30 #"                             ("
0 0 14 3 1 #"-"
0 0 24 3 2 #" ("
0 0 14 3 9 #"irgb-blue"
0 0 24 3 1 #" "
0 0 14 3 6 #"icolor"
0 0 24 3 2 #") "
0 0 21 3 2 #"50"
0 0 24 3 3 #"))]"
0 0 24 29 1 #"\n"
0 0 24 3 15 #"              ["
0 0 14 3 10 #"center-col"
0 0 24 3 2 #" ("
0 0 14 3 1 #"/"
0 0 24 3 2 #" ("
0 0 14 3 11 #"image-width"
0 0 24 3 1 #" "
0 0 14 3 5 #"image"
0 0 24 3 2 #") "
0 0 21 3 1 #"2"
0 0 24 3 2 #")]"
0 0 24 29 1 #"\n"
0 0 24 3 15 #"              ["
0 0 14 3 10 #"center-row"
0 0 24 3 2 #" ("
0 0 14 3 1 #"/"
0 0 24 3 2 #" ("
0 0 14 3 12 #"image-height"
0 0 24 3 1 #" "
0 0 14 3 5 #"image"
0 0 24 3 2 #") "
0 0 21 3 1 #"2"
0 0 24 3 2 #")]"
0 0 24 29 1 #"\n"
0 0 24 3 15 #"              ["
0 0 14 3 6 #"h-axis"
0 0 24 3 2 #" ("
0 0 14 3 1 #"/"
0 0 24 3 2 #" ("
0 0 14 3 11 #"image-width"
0 0 24 3 1 #" "
0 0 14 3 5 #"image"
0 0 24 3 2 #") "
0 0 21 3 1 #"5"
0 0 24 3 2 #")]"
0 0 24 29 1 #"\n"
0 0 24 3 15 #"              ["
0 0 14 3 6 #"v-axis"
0 0 24 3 2 #" ("
0 0 14 3 1 #"/"
0 0 24 3 2 #" ("
0 0 14 3 11 #"image-width"
0 0 24 3 1 #" "
0 0 14 3 5 #"image"
0 0 24 3 2 #") "
0 0 21 3 2 #"10"
0 0 24 3 2 #")]"
0 0 24 29 1 #"\n"
0 0 24 3 15 #"              ["
0 0 14 3 1 #"a"
0 0 24 3 1 #" "
0 0 14 3 6 #"h-axis"
0 0 24 3 1 #"]"
0 0 24 29 1 #"\n"
0 0 24 3 15 #"              ["
0 0 14 3 1 #"b"
0 0 24 3 1 #" "
0 0 14 3 6 #"v-axis"
0 0 24 3 1 #"]"
0 0 24 29 1 #"\n"
0 0 24 3 15 #"              ["
0 0 14 3 2 #"r1"
0 0 24 3 2 #" ("
0 0 15 3 6 #"lambda"
0 0 24 3 2 #" ("
0 0 14 3 1 #"x"
0 0 24 3 1 #" "
0 0 14 3 1 #"y"
0 0 24 3 3 #") ("
0 0 14 3 5 #"floor"
0 0 24 3 2 #" ("
0 0 14 3 1 #"/"
0 0 24 3 2 #" ("
0 0 14 3 1 #"*"
0 0 24 3 1 #" "
0 0 21 3 3 #"1.1"
0 0 24 3 1 #" "
0 0 14 3 1 #"a"
0 0 24 3 3 #") ("
0 0 14 3 4 #"sqrt"
0 0 24 3 2 #" ("
0 0 14 3 1 #"-"
0 0 24 3 1 #" "
0 0 21 3 1 #"1"
0 0 24 3 2 #" ("
0 0 14 3 1 #"*"
0 0 24 3 2 #" ("
0 0 14 3 1 #"-"
0 0 24 3 1 #" "
0 0 21 3 1 #"1"
0 0 24 3 2 #" ("
0 0 14 3 3 #"sqr"
0 0 24 3 2 #" ("
0 0 14 3 1 #"/"
0 0 24 3 2 #" ("
0 0 14 3 1 #"*"
0 0 24 3 1 #" "
0 0 21 3 3 #"1.1"
0 0 24 3 1 #" "
0 0 14 3 1 #"a"
0 0 24 3 3 #") ("
0 0 14 3 1 #"*"
0 0 24 3 1 #" "
0 0 21 3 3 #"1.1"
0 0 24 3 1 #" "
0 0 14 3 1 #"b"
0 0 24 3 4 #"))))"
0 0 24 29 1 #"\n"
0 0 24 3 59
#"                                                          ("
0 0 14 3 1 #"/"
0 0 24 3 2 #" ("
0 0 14 3 3 #"sqr"
0 0 24 3 2 #" ("
0 0 14 3 1 #"-"
0 0 24 3 1 #" "
0 0 14 3 1 #"y"
0 0 24 3 1 #" "
0 0 14 3 10 #"center-row"
0 0 24 3 2 #"))"
0 0 24 29 1 #"\n"
0 0 24 3 62
#"                                                             ("
0 0 14 3 1 #"+"
0 0 24 3 2 #" ("
0 0 14 3 3 #"sqr"
0 0 24 3 2 #" ("
0 0 14 3 1 #"-"
0 0 24 3 1 #" "
0 0 14 3 1 #"x"
0 0 24 3 1 #" "
0 0 14 3 10 #"center-col"
0 0 24 3 2 #"))"
0 0 24 29 1 #"\n"
0 0 24 3 65
#"                                                                ("
0 0 14 3 3 #"sqr"
0 0 24 3 2 #" ("
0 0 14 3 1 #"-"
0 0 24 3 1 #" "
0 0 14 3 1 #"y"
0 0 24 3 1 #" "
0 0 14 3 10 #"center-row"
0 0 24 3 11 #"))))))))))]"
0 0 24 29 1 #"\n"
0 0 24 3 15 #"              ["
0 0 14 3 2 #"r2"
0 0 24 3 2 #" ("
0 0 15 3 6 #"lambda"
0 0 24 3 2 #" ("
0 0 14 3 1 #"x"
0 0 24 3 1 #" "
0 0 14 3 1 #"y"
0 0 24 3 3 #") ("
0 0 14 3 5 #"floor"
0 0 24 3 2 #" ("
0 0 14 3 1 #"/"
0 0 24 3 2 #" ("
0 0 14 3 1 #"*"
0 0 24 3 1 #" "
0 0 21 3 1 #"2"
0 0 24 3 1 #" "
0 0 14 3 1 #"a"
0 0 24 3 3 #") ("
0 0 14 3 4 #"sqrt"
0 0 24 3 2 #" ("
0 0 14 3 1 #"-"
0 0 24 3 1 #" "
0 0 21 3 1 #"1"
0 0 24 3 2 #" ("
0 0 14 3 1 #"*"
0 0 24 3 2 #" ("
0 0 14 3 1 #"-"
0 0 24 3 1 #" "
0 0 21 3 1 #"1"
0 0 24 3 2 #" ("
0 0 14 3 3 #"sqr"
0 0 24 3 2 #" ("
0 0 14 3 1 #"/"
0 0 24 3 2 #" ("
0 0 14 3 1 #"*"
0 0 24 3 1 #" "
0 0 21 3 1 #"2"
0 0 24 3 1 #" "
0 0 14 3 1 #"a"
0 0 24 3 3 #") ("
0 0 14 3 1 #"*"
0 0 24 3 1 #" "
0 0 21 3 1 #"2"
0 0 24 3 1 #" "
0 0 14 3 1 #"b"
0 0 24 3 4 #"))))"
0 0 24 29 1 #"\n"
0 0 24 3 59
#"                                                          ("
0 0 14 3 1 #"/"
0 0 24 3 2 #" ("
0 0 14 3 3 #"sqr"
0 0 24 3 2 #" ("
0 0 14 3 1 #"-"
0 0 24 3 1 #" "
0 0 14 3 1 #"y"
0 0 24 3 1 #" "
0 0 14 3 10 #"center-row"
0 0 24 3 2 #"))"
0 0 24 29 1 #"\n"
0 0 24 3 62
#"                                                             ("
0 0 14 3 1 #"+"
0 0 24 3 2 #" ("
0 0 14 3 3 #"sqr"
0 0 24 3 2 #" ("
0 0 14 3 1 #"-"
0 0 24 3 1 #" "
0 0 14 3 1 #"x"
0 0 24 3 1 #" "
0 0 14 3 10 #"center-col"
0 0 24 3 2 #"))"
0 0 24 29 1 #"\n"
0 0 24 3 65
#"                                                                ("
0 0 14 3 3 #"sqr"
0 0 24 3 2 #" ("
0 0 14 3 1 #"-"
0 0 24 3 1 #" "
0 0 14 3 1 #"y"
0 0 24 3 1 #" "
0 0 14 3 10 #"center-row"
0 0 24 3 11 #"))))))))))]"
0 0 24 29 1 #"\n"
0 0 24 3 15 #"              ["
0 0 14 3 2 #"r3"
0 0 24 3 2 #" ("
0 0 15 3 6 #"lambda"
0 0 24 3 2 #" ("
0 0 14 3 1 #"x"
0 0 24 3 1 #" "
0 0 14 3 1 #"y"
0 0 24 3 3 #") ("
0 0 14 3 5 #"floor"
0 0 24 3 2 #" ("
0 0 14 3 1 #"/"
0 0 24 3 2 #" ("
0 0 14 3 1 #"*"
0 0 24 3 1 #" "
0 0 21 3 3 #"0.9"
0 0 24 3 1 #" "
0 0 14 3 1 #"a"
0 0 24 3 3 #") ("
0 0 14 3 4 #"sqrt"
0 0 24 3 2 #" ("
0 0 14 3 1 #"-"
0 0 24 3 1 #" "
0 0 21 3 1 #"1"
0 0 24 3 2 #" ("
0 0 14 3 1 #"*"
0 0 24 3 2 #" ("
0 0 14 3 1 #"-"
0 0 24 3 1 #" "
0 0 21 3 1 #"1"
0 0 24 3 2 #" ("
0 0 14 3 3 #"sqr"
0 0 24 3 2 #" ("
0 0 14 3 1 #"/"
0 0 24 3 2 #" ("
0 0 14 3 1 #"*"
0 0 24 3 1 #" "
0 0 21 3 3 #"0.9"
0 0 24 3 1 #" "
0 0 14 3 1 #"a"
0 0 24 3 3 #") ("
0 0 14 3 1 #"*"
0 0 24 3 1 #" "
0 0 21 3 3 #"0.9"
0 0 24 3 1 #" "
0 0 14 3 1 #"b"
0 0 24 3 4 #"))))"
0 0 24 29 1 #"\n"
0 0 24 3 59
#"                                                          ("
0 0 14 3 1 #"/"
0 0 24 3 2 #" ("
0 0 14 3 3 #"sqr"
0 0 24 3 2 #" ("
0 0 14 3 1 #"-"
0 0 24 3 1 #" "
0 0 14 3 1 #"y"
0 0 24 3 1 #" "
0 0 14 3 10 #"center-row"
0 0 24 3 2 #"))"
0 0 24 29 1 #"\n"
0 0 24 3 62
#"                                                             ("
0 0 14 3 1 #"+"
0 0 24 3 2 #" ("
0 0 14 3 3 #"sqr"
0 0 24 3 2 #" ("
0 0 14 3 1 #"-"
0 0 24 3 1 #" "
0 0 14 3 1 #"x"
0 0 24 3 1 #" "
0 0 14 3 10 #"center-col"
0 0 24 3 2 #"))"
0 0 24 29 1 #"\n"
0 0 24 3 65
#"                                                                ("
0 0 14 3 3 #"sqr"
0 0 24 3 2 #" ("
0 0 14 3 1 #"-"
0 0 24 3 1 #" "
0 0 14 3 1 #"y"
0 0 24 3 1 #" "
0 0 14 3 10 #"center-row"
0 0 24 3 11 #"))))))))))]"
0 0 24 29 1 #"\n"
0 0 24 3 14 #"              "
0 0 24 29 1 #"\n"
0 0 24 3 10 #"         ["
0 0 14 3 2 #"bg"
0 0 24 3 2 #" ("
0 0 14 3 13 #"image-compute"
0 0 24 29 1 #"\n"
0 0 24 3 11 #"          ("
0 0 15 3 6 #"lambda"
0 0 24 3 2 #" ("
0 0 14 3 1 #"x"
0 0 24 3 1 #" "
0 0 14 3 1 #"y"
0 0 24 3 1 #")"
0 0 24 29 1 #"\n"
0 0 24 3 13 #"            ("
0 0 15 3 4 #"cond"
0 0 24 3 1 #" "
0 0 24 29 1 #"\n"
0 0 24 3 16 #"              [("
0 0 14 3 3 #"and"
0 0 24 3 2 #" ("
0 0 14 3 1 #">"
0 0 24 3 2 #" ("
0 0 14 3 1 #"+"
0 0 24 3 2 #" ("
0 0 14 3 1 #"/"
0 0 24 3 2 #" ("
0 0 14 3 3 #"sqr"
0 0 24 3 1 #"("
0 0 14 3 1 #"-"
0 0 24 3 1 #" "
0 0 14 3 1 #"x"
0 0 24 3 1 #" "
0 0 14 3 10 #"center-col"
0 0 24 3 4 #")) ("
0 0 14 3 3 #"sqr"
0 0 24 3 2 #" ("
0 0 14 3 1 #"*"
0 0 24 3 1 #" "
0 0 21 3 1 #"2"
0 0 24 3 1 #" "
0 0 14 3 1 #"a"
0 0 24 3 3 #")))"
0 0 24 29 1 #"\n"
0 0 24 3 23 #"                      ("
0 0 14 3 1 #"/"
0 0 24 3 2 #" ("
0 0 14 3 3 #"sqr"
0 0 24 3 1 #"("
0 0 14 3 1 #"-"
0 0 24 3 1 #" "
0 0 14 3 1 #"y"
0 0 24 3 1 #" "
0 0 14 3 10 #"center-row"
0 0 24 3 4 #")) ("
0 0 14 3 3 #"sqr"
0 0 24 3 2 #" ("
0 0 14 3 1 #"*"
0 0 24 3 1 #" "
0 0 21 3 1 #"2"
0 0 24 3 1 #" "
0 0 14 3 1 #"b"
0 0 24 3 5 #")))) "
0 0 21 3 1 #"1"
0 0 24 3 1 #")"
0 0 24 29 1 #"\n"
0 0 24 3 25 #"                        ("
0 0 14 3 2 #"or"
0 0 24 3 2 #" ("
0 0 14 3 3 #"not"
0 0 24 3 2 #" ("
0 0 14 3 1 #"="
0 0 24 3 1 #" "
0 0 14 3 1 #"x"
0 0 24 3 1 #" "
0 0 14 3 10 #"center-col"
0 0 24 3 4 #")) ("
0 0 14 3 3 #"not"
0 0 24 3 2 #" ("
0 0 14 3 1 #"="
0 0 24 3 1 #" "
0 0 14 3 1 #"y"
0 0 24 3 1 #" "
0 0 14 3 10 #"center-row"
0 0 24 3 4 #"))))"
0 0 24 29 1 #"\n"
0 0 24 3 20 #"                   ("
0 0 14 3 4 #"irgb"
0 0 24 3 2 #" ("
0 0 14 3 1 #"*"
0 0 24 3 2 #" ("
0 0 14 3 8 #"irgb-red"
0 0 24 3 1 #" "
0 0 14 3 8 #"bgcolor2"
0 0 24 3 3 #") ("
0 0 14 3 1 #"+"
0 0 24 3 1 #" "
0 0 21 3 1 #"1"
0 0 24 3 2 #" ("
0 0 14 3 3 #"sin"
0 0 24 3 2 #" ("
0 0 14 3 1 #"/"
0 0 24 3 2 #" ("
0 0 14 3 4 #"sqrt"
0 0 24 3 2 #" ("
0 0 14 3 1 #"+"
0 0 24 3 2 #" ("
0 0 14 3 3 #"sqr"
0 0 24 3 2 #" ("
0 0 14 3 1 #"-"
0 0 24 3 1 #" "
0 0 14 3 1 #"x"
0 0 24 3 1 #" "
0 0 14 3 10 #"center-col"
0 0 24 3 4 #")) ("
0 0 14 3 3 #"sqr"
0 0 24 3 2 #" ("
0 0 14 3 1 #"-"
0 0 24 3 1 #" "
0 0 14 3 1 #"y"
0 0 24 3 1 #" "
0 0 14 3 10 #"center-row"
0 0 24 3 6 #")))) ("
0 0 14 3 1 #"/"
0 0 24 3 1 #" "
0 0 14 3 1 #"a"
0 0 24 3 1 #" "
0 0 21 3 1 #"3"
0 0 24 3 5 #")))))"
0 0 24 29 1 #"\n"
0 0 24 3 26 #"                         ("
0 0 14 3 1 #"*"
0 0 24 3 2 #" ("
0 0 14 3 10 #"irgb-green"
0 0 24 3 1 #" "
0 0 14 3 8 #"bgcolor2"
0 0 24 3 3 #") ("
0 0 14 3 1 #"+"
0 0 24 3 1 #" "
0 0 21 3 1 #"1"
0 0 24 3 2 #" ("
0 0 14 3 3 #"sin"
0 0 24 3 2 #" ("
0 0 14 3 1 #"/"
0 0 24 3 2 #" ("
0 0 14 3 4 #"sqrt"
0 0 24 3 2 #" ("
0 0 14 3 1 #"+"
0 0 24 3 2 #" ("
0 0 14 3 3 #"sqr"
0 0 24 3 2 #" ("
0 0 14 3 1 #"-"
0 0 24 3 1 #" "
0 0 14 3 1 #"x"
0 0 24 3 1 #" "
0 0 14 3 10 #"center-col"
0 0 24 3 4 #")) ("
0 0 14 3 3 #"sqr"
0 0 24 3 2 #" ("
0 0 14 3 1 #"-"
0 0 24 3 1 #" "
0 0 14 3 1 #"y"
0 0 24 3 1 #" "
0 0 14 3 10 #"center-row"
0 0 24 3 6 #")))) ("
0 0 14 3 1 #"/"
0 0 24 3 1 #" "
0 0 14 3 1 #"a"
0 0 24 3 1 #" "
0 0 21 3 1 #"3"
0 0 24 3 5 #")))))"
0 0 24 29 1 #"\n"
0 0 24 3 26 #"                         ("
0 0 14 3 1 #"*"
0 0 24 3 2 #" ("
0 0 14 3 9 #"irgb-blue"
0 0 24 3 1 #" "
0 0 14 3 8 #"bgcolor2"
0 0 24 3 3 #") ("
0 0 14 3 1 #"+"
0 0 24 3 1 #" "
0 0 21 3 1 #"1"
0 0 24 3 2 #" ("
0 0 14 3 3 #"sin"
0 0 24 3 2 #" ("
0 0 14 3 1 #"/"
0 0 24 3 2 #" ("
0 0 14 3 4 #"sqrt"
0 0 24 3 2 #" ("
0 0 14 3 1 #"+"
0 0 24 3 2 #" ("
0 0 14 3 3 #"sqr"
0 0 24 3 2 #" ("
0 0 14 3 1 #"-"
0 0 24 3 1 #" "
0 0 14 3 1 #"x"
0 0 24 3 1 #" "
0 0 14 3 10 #"center-col"
0 0 24 3 4 #")) ("
0 0 14 3 3 #"sqr"
0 0 24 3 2 #" ("
0 0 14 3 1 #"-"
0 0 24 3 1 #" "
0 0 14 3 1 #"y"
0 0 24 3 1 #" "
0 0 14 3 10 #"center-row"
0 0 24 3 6 #")))) ("
0 0 14 3 1 #"/"
0 0 24 3 1 #" "
0 0 14 3 1 #"a"
0 0 24 3 1 #" "
0 0 21 3 1 #"3"
0 0 24 3 6 #"))))))"
0 0 24 29 1 #"\n"
0 0 24 3 19 #"                   "
0 0 24 29 1 #"\n"
0 0 24 3 20 #"                   ]"
0 0 24 29 1 #"\n"
0 0 24 3 16 #"              [("
0 0 14 3 3 #"and"
0 0 24 3 2 #" ("
0 0 14 3 1 #">"
0 0 24 3 2 #" ("
0 0 14 3 1 #"+"
0 0 24 3 2 #" ("
0 0 14 3 1 #"/"
0 0 24 3 2 #" ("
0 0 14 3 3 #"sqr"
0 0 24 3 1 #"("
0 0 14 3 1 #"-"
0 0 24 3 1 #" "
0 0 14 3 1 #"x"
0 0 24 3 1 #" "
0 0 14 3 10 #"center-col"
0 0 24 3 4 #")) ("
0 0 14 3 3 #"sqr"
0 0 24 3 1 #" "
0 0 14 3 6 #"h-axis"
0 0 24 3 2 #"))"
0 0 24 29 1 #"\n"
0 0 24 3 23 #"                      ("
0 0 14 3 1 #"/"
0 0 24 3 2 #" ("
0 0 14 3 3 #"sqr"
0 0 24 3 1 #"("
0 0 14 3 1 #"-"
0 0 24 3 1 #" "
0 0 14 3 1 #"y"
0 0 24 3 1 #" "
0 0 14 3 10 #"center-row"
0 0 24 3 4 #")) ("
0 0 14 3 3 #"sqr"
0 0 24 3 1 #" "
0 0 14 3 6 #"v-axis"
0 0 24 3 4 #"))) "
0 0 21 3 1 #"1"
0 0 24 3 1 #")"
0 0 24 29 1 #"\n"
0 0 24 3 21 #"                    ("
0 0 14 3 2 #"<="
0 0 24 3 2 #" ("
0 0 14 3 1 #"+"
0 0 24 3 2 #" ("
0 0 14 3 1 #"/"
0 0 24 3 2 #" ("
0 0 14 3 3 #"sqr"
0 0 24 3 1 #"("
0 0 14 3 1 #"-"
0 0 24 3 1 #" "
0 0 14 3 1 #"x"
0 0 24 3 1 #" "
0 0 14 3 10 #"center-col"
0 0 24 3 4 #")) ("
0 0 14 3 3 #"sqr"
0 0 24 3 2 #" ("
0 0 14 3 1 #"*"
0 0 24 3 1 #" "
0 0 21 3 1 #"2"
0 0 24 3 1 #" "
0 0 14 3 1 #"a"
0 0 24 3 3 #")))"
0 0 24 29 1 #"\n"
0 0 24 3 23 #"                      ("
0 0 14 3 1 #"/"
0 0 24 3 2 #" ("
0 0 14 3 3 #"sqr"
0 0 24 3 1 #"("
0 0 14 3 1 #"-"
0 0 24 3 1 #" "
0 0 14 3 1 #"y"
0 0 24 3 1 #" "
0 0 14 3 10 #"center-row"
0 0 24 3 4 #")) ("
0 0 14 3 3 #"sqr"
0 0 24 3 2 #" ("
0 0 14 3 1 #"*"
0 0 24 3 1 #" "
0 0 21 3 1 #"2"
0 0 24 3 1 #" "
0 0 14 3 1 #"b"
0 0 24 3 5 #")))) "
0 0 21 3 1 #"1"
0 0 24 3 1 #")"
0 0 24 29 1 #"\n"
0 0 24 3 25 #"                        ("
0 0 14 3 2 #"or"
0 0 24 3 2 #" ("
0 0 14 3 3 #"not"
0 0 24 3 2 #" ("
0 0 14 3 1 #"="
0 0 24 3 1 #" "
0 0 14 3 1 #"x"
0 0 24 3 1 #" "
0 0 14 3 10 #"center-col"
0 0 24 3 4 #")) ("
0 0 14 3 3 #"not"
0 0 24 3 2 #" ("
0 0 14 3 1 #"="
0 0 24 3 1 #" "
0 0 14 3 1 #"y"
0 0 24 3 1 #" "
0 0 14 3 10 #"center-row"
0 0 24 3 4 #"))))"
0 0 24 29 1 #"\n"
0 0 24 3 20 #"                   ("
0 0 14 3 4 #"irgb"
0 0 24 3 2 #" ("
0 0 14 3 1 #"-"
0 0 24 3 2 #" ("
0 0 14 3 8 #"irgb-red"
0 0 24 3 1 #" "
0 0 14 3 7 #"bgcolor"
0 0 24 3 2 #") "
0 0 24 29 1 #"\n"
0 0 24 3 29 #"                            ("
0 0 14 3 1 #"*"
0 0 24 3 2 #" ("
0 0 14 3 1 #"/"
0 0 24 3 2 #" ("
0 0 14 3 1 #"-"
0 0 24 3 2 #" ("
0 0 14 3 4 #"sqrt"
0 0 24 3 2 #" ("
0 0 14 3 1 #"+"
0 0 24 3 2 #" ("
0 0 14 3 3 #"sqr"
0 0 24 3 2 #" ("
0 0 14 3 1 #"-"
0 0 24 3 1 #" "
0 0 14 3 1 #"x"
0 0 24 3 1 #" "
0 0 14 3 10 #"center-col"
0 0 24 3 3 #")) "
0 0 24 29 1 #"\n"
0 0 24 3 44 #"                                           ("
0 0 14 3 3 #"sqr"
0 0 24 3 2 #" ("
0 0 14 3 1 #"-"
0 0 24 3 1 #" "
0 0 14 3 1 #"y"
0 0 24 3 1 #" "
0 0 14 3 10 #"center-row"
0 0 24 3 4 #"))))"
0 0 24 29 1 #"\n"
0 0 24 3 38 #"                                     ("
0 0 14 3 2 #"r1"
0 0 24 3 1 #" "
0 0 14 3 1 #"x"
0 0 24 3 1 #" "
0 0 14 3 1 #"y"
0 0 24 3 2 #"))"
0 0 24 29 1 #"\n"
0 0 24 3 35 #"                                  ("
0 0 14 3 1 #"-"
0 0 24 3 2 #" ("
0 0 14 3 2 #"r2"
0 0 24 3 1 #" "
0 0 14 3 1 #"x"
0 0 24 3 1 #" "
0 0 14 3 1 #"y"
0 0 24 3 3 #") ("
0 0 14 3 2 #"r1"
0 0 24 3 1 #" "
0 0 14 3 1 #"x"
0 0 24 3 1 #" "
0 0 14 3 1 #"y"
0 0 24 3 3 #")))"
0 0 24 29 1 #"\n"
0 0 24 3 32 #"                               ("
0 0 14 3 8 #"irgb-red"
0 0 24 3 1 #" "
0 0 14 3 7 #"bgcolor"
0 0 24 3 3 #")))"
0 0 24 29 1 #"\n"
0 0 24 3 26 #"                         ("
0 0 14 3 1 #"-"
0 0 24 3 2 #" ("
0 0 14 3 10 #"irgb-green"
0 0 24 3 1 #" "
0 0 14 3 7 #"bgcolor"
0 0 24 3 2 #") "
0 0 24 29 1 #"\n"
0 0 24 3 29 #"                            ("
0 0 14 3 1 #"*"
0 0 24 3 2 #" ("
0 0 14 3 1 #"/"
0 0 24 3 2 #" ("
0 0 14 3 1 #"-"
0 0 24 3 2 #" ("
0 0 14 3 4 #"sqrt"
0 0 24 3 2 #" ("
0 0 14 3 1 #"+"
0 0 24 3 2 #" ("
0 0 14 3 3 #"sqr"
0 0 24 3 2 #" ("
0 0 14 3 1 #"-"
0 0 24 3 1 #" "
0 0 14 3 1 #"x"
0 0 24 3 1 #" "
0 0 14 3 10 #"center-col"
0 0 24 3 3 #")) "
0 0 24 29 1 #"\n"
0 0 24 3 44 #"                                           ("
0 0 14 3 3 #"sqr"
0 0 24 3 2 #" ("
0 0 14 3 1 #"-"
0 0 24 3 1 #" "
0 0 14 3 1 #"y"
0 0 24 3 1 #" "
0 0 14 3 10 #"center-row"
0 0 24 3 4 #"))))"
0 0 24 29 1 #"\n"
0 0 24 3 38 #"                                     ("
0 0 14 3 2 #"r1"
0 0 24 3 1 #" "
0 0 14 3 1 #"x"
0 0 24 3 1 #" "
0 0 14 3 1 #"y"
0 0 24 3 2 #"))"
0 0 24 29 1 #"\n"
0 0 24 3 35 #"                                  ("
0 0 14 3 1 #"-"
0 0 24 3 2 #" ("
0 0 14 3 2 #"r2"
0 0 24 3 1 #" "
0 0 14 3 1 #"x"
0 0 24 3 1 #" "
0 0 14 3 1 #"y"
0 0 24 3 3 #") ("
0 0 14 3 2 #"r1"
0 0 24 3 1 #" "
0 0 14 3 1 #"x"
0 0 24 3 1 #" "
0 0 14 3 1 #"y"
0 0 24 3 3 #")))"
0 0 24 29 1 #"\n"
0 0 24 3 32 #"                               ("
0 0 14 3 10 #"irgb-green"
0 0 24 3 1 #" "
0 0 14 3 7 #"bgcolor"
0 0 24 3 3 #")))"
0 0 24 29 1 #"\n"
0 0 24 3 26 #"                         ("
0 0 14 3 1 #"-"
0 0 24 3 2 #" ("
0 0 14 3 9 #"irgb-blue"
0 0 24 3 1 #" "
0 0 14 3 7 #"bgcolor"
0 0 24 3 2 #") "
0 0 24 29 1 #"\n"
0 0 24 3 29 #"                            ("
0 0 14 3 1 #"*"
0 0 24 3 2 #" ("
0 0 14 3 1 #"/"
0 0 24 3 2 #" ("
0 0 14 3 1 #"-"
0 0 24 3 2 #" ("
0 0 14 3 4 #"sqrt"
0 0 24 3 2 #" ("
0 0 14 3 1 #"+"
0 0 24 3 2 #" ("
0 0 14 3 3 #"sqr"
0 0 24 3 2 #" ("
0 0 14 3 1 #"-"
0 0 24 3 1 #" "
0 0 14 3 1 #"x"
0 0 24 3 1 #" "
0 0 14 3 10 #"center-col"
0 0 24 3 3 #")) "
0 0 24 29 1 #"\n"
0 0 24 3 44 #"                                           ("
0 0 14 3 3 #"sqr"
0 0 24 3 2 #" ("
0 0 14 3 1 #"-"
0 0 24 3 1 #" "
0 0 14 3 1 #"y"
0 0 24 3 1 #" "
0 0 14 3 10 #"center-row"
0 0 24 3 4 #"))))"
0 0 24 29 1 #"\n"
0 0 24 3 38 #"                                     ("
0 0 14 3 2 #"r1"
0 0 24 3 1 #" "
0 0 14 3 1 #"x"
0 0 24 3 1 #" "
0 0 14 3 1 #"y"
0 0 24 3 2 #"))"
0 0 24 29 1 #"\n"
0 0 24 3 35 #"                                  ("
0 0 14 3 1 #"-"
0 0 24 3 2 #" ("
0 0 14 3 2 #"r2"
0 0 24 3 1 #" "
0 0 14 3 1 #"x"
0 0 24 3 1 #" "
0 0 14 3 1 #"y"
0 0 24 3 3 #") ("
0 0 14 3 2 #"r1"
0 0 24 3 1 #" "
0 0 14 3 1 #"x"
0 0 24 3 1 #" "
0 0 14 3 1 #"y"
0 0 24 3 3 #")))"
0 0 24 29 1 #"\n"
0 0 24 3 32 #"                               ("
0 0 14 3 9 #"irgb-blue"
0 0 24 3 1 #" "
0 0 14 3 7 #"bgcolor"
0 0 24 3 4 #"))))"
0 0 24 29 1 #"\n"
0 0 24 3 19 #"                   "
0 0 24 29 1 #"\n"
0 0 24 3 20 #"                   ]"
0 0 24 29 1 #"\n"
0 0 24 3 20 #"                  [("
0 0 14 3 3 #"and"
0 0 24 3 2 #" ("
0 0 14 3 2 #"<="
0 0 24 3 2 #" ("
0 0 14 3 1 #"+"
0 0 24 3 2 #" ("
0 0 14 3 1 #"/"
0 0 24 3 2 #" ("
0 0 14 3 3 #"sqr"
0 0 24 3 1 #"("
0 0 14 3 1 #"-"
0 0 24 3 1 #" "
0 0 14 3 1 #"x"
0 0 24 3 1 #" "
0 0 14 3 10 #"center-col"
0 0 24 3 4 #")) ("
0 0 14 3 3 #"sqr"
0 0 24 3 1 #" "
0 0 14 3 6 #"h-axis"
0 0 24 3 2 #"))"
0 0 24 29 1 #"\n"
0 0 24 3 23 #"                      ("
0 0 14 3 1 #"/"
0 0 24 3 2 #" ("
0 0 14 3 3 #"sqr"
0 0 24 3 1 #"("
0 0 14 3 1 #"-"
0 0 24 3 1 #" "
0 0 14 3 1 #"y"
0 0 24 3 1 #" "
0 0 14 3 10 #"center-row"
0 0 24 3 4 #")) ("
0 0 14 3 3 #"sqr"
0 0 24 3 1 #" "
0 0 14 3 6 #"v-axis"
0 0 24 3 4 #"))) "
0 0 21 3 1 #"1"
0 0 24 3 1 #")"
0 0 24 29 1 #"\n"
0 0 24 3 25 #"                        ("
0 0 14 3 2 #"or"
0 0 24 3 2 #" ("
0 0 14 3 3 #"not"
0 0 24 3 2 #" ("
0 0 14 3 1 #"="
0 0 24 3 1 #" "
0 0 14 3 1 #"x"
0 0 24 3 1 #" "
0 0 14 3 10 #"center-col"
0 0 24 3 4 #")) ("
0 0 14 3 3 #"not"
0 0 24 3 2 #" ("
0 0 14 3 1 #"="
0 0 24 3 1 #" "
0 0 14 3 1 #"y"
0 0 24 3 1 #" "
0 0 14 3 10 #"center-row"
0 0 24 3 4 #"))))"
0 0 24 29 1 #"\n"
0 0 24 3 20 #"                   ("
0 0 14 3 4 #"irgb"
0 0 24 3 2 #" ("
0 0 14 3 1 #"+"
0 0 24 3 2 #" ("
0 0 14 3 8 #"irgb-red"
0 0 24 3 1 #" "
0 0 14 3 10 #"innercolor"
0 0 24 3 2 #") "
0 0 24 29 1 #"\n"
0 0 24 3 29 #"                            ("
0 0 14 3 1 #"*"
0 0 24 3 2 #" ("
0 0 14 3 1 #"/"
0 0 24 3 2 #" ("
0 0 14 3 4 #"sqrt"
0 0 24 3 2 #" ("
0 0 14 3 1 #"+"
0 0 24 3 2 #" ("
0 0 14 3 3 #"sqr"
0 0 24 3 2 #" ("
0 0 14 3 1 #"-"
0 0 24 3 1 #" "
0 0 14 3 1 #"x"
0 0 24 3 1 #" "
0 0 14 3 10 #"center-col"
0 0 24 3 3 #")) "
0 0 24 29 1 #"\n"
0 0 24 3 44 #"                                           ("
0 0 14 3 3 #"sqr"
0 0 24 3 2 #" ("
0 0 14 3 1 #"-"
0 0 24 3 1 #" "
0 0 14 3 1 #"y"
0 0 24 3 1 #" "
0 0 14 3 10 #"center-row"
0 0 24 3 5 #")))) "
0 0 24 29 1 #"\n"
0 0 24 3 35 #"                                  ("
0 0 14 3 2 #"r3"
0 0 24 3 1 #" "
0 0 14 3 1 #"x"
0 0 24 3 1 #" "
0 0 14 3 1 #"y"
0 0 24 3 2 #"))"
0 0 24 29 1 #"\n"
0 0 24 3 32 #"                               ("
0 0 14 3 1 #"-"
0 0 24 3 2 #" ("
0 0 14 3 8 #"irgb-red"
0 0 24 3 1 #" "
0 0 14 3 7 #"bgcolor"
0 0 24 3 3 #") ("
0 0 14 3 8 #"irgb-red"
0 0 24 3 1 #" "
0 0 14 3 10 #"innercolor"
0 0 24 3 4 #"))))"
0 0 24 29 1 #"\n"
0 0 24 3 26 #"                         ("
0 0 14 3 1 #"+"
0 0 24 3 2 #" ("
0 0 14 3 10 #"irgb-green"
0 0 24 3 1 #" "
0 0 14 3 10 #"innercolor"
0 0 24 3 2 #") "
0 0 24 29 1 #"\n"
0 0 24 3 29 #"                            ("
0 0 14 3 1 #"*"
0 0 24 3 2 #" ("
0 0 14 3 1 #"/"
0 0 24 3 2 #" ("
0 0 14 3 4 #"sqrt"
0 0 24 3 2 #" ("
0 0 14 3 1 #"+"
0 0 24 3 2 #" ("
0 0 14 3 3 #"sqr"
0 0 24 3 2 #" ("
0 0 14 3 1 #"-"
0 0 24 3 1 #" "
0 0 14 3 1 #"x"
0 0 24 3 1 #" "
0 0 14 3 10 #"center-col"
0 0 24 3 3 #")) "
0 0 24 29 1 #"\n"
0 0 24 3 44 #"                                           ("
0 0 14 3 3 #"sqr"
0 0 24 3 2 #" ("
0 0 14 3 1 #"-"
0 0 24 3 1 #" "
0 0 14 3 1 #"y"
0 0 24 3 1 #" "
0 0 14 3 10 #"center-row"
0 0 24 3 5 #")))) "
0 0 24 29 1 #"\n"
0 0 24 3 35 #"                                  ("
0 0 14 3 2 #"r3"
0 0 24 3 1 #" "
0 0 14 3 1 #"x"
0 0 24 3 1 #" "
0 0 14 3 1 #"y"
0 0 24 3 2 #"))"
0 0 24 29 1 #"\n"
0 0 24 3 32 #"                               ("
0 0 14 3 1 #"-"
0 0 24 3 2 #" ("
0 0 14 3 10 #"irgb-green"
0 0 24 3 1 #" "
0 0 14 3 7 #"bgcolor"
0 0 24 3 3 #") ("
0 0 14 3 10 #"irgb-green"
0 0 24 3 1 #" "
0 0 14 3 10 #"innercolor"
0 0 24 3 4 #"))))"
0 0 24 29 1 #"\n"
0 0 24 3 26 #"                         ("
0 0 14 3 1 #"+"
0 0 24 3 2 #" ("
0 0 14 3 9 #"irgb-blue"
0 0 24 3 1 #" "
0 0 14 3 10 #"innercolor"
0 0 24 3 2 #") "
0 0 24 29 1 #"\n"
0 0 24 3 29 #"                            ("
0 0 14 3 1 #"*"
0 0 24 3 2 #" ("
0 0 14 3 1 #"/"
0 0 24 3 2 #" ("
0 0 14 3 4 #"sqrt"
0 0 24 3 2 #" ("
0 0 14 3 1 #"+"
0 0 24 3 2 #" ("
0 0 14 3 3 #"sqr"
0 0 24 3 2 #" ("
0 0 14 3 1 #"-"
0 0 24 3 1 #" "
0 0 14 3 1 #"x"
0 0 24 3 1 #" "
0 0 14 3 10 #"center-col"
0 0 24 3 3 #")) "
0 0 24 29 1 #"\n"
0 0 24 3 44 #"                                           ("
0 0 14 3 3 #"sqr"
0 0 24 3 2 #" ("
0 0 14 3 1 #"-"
0 0 24 3 1 #" "
0 0 14 3 1 #"y"
0 0 24 3 1 #" "
0 0 14 3 10 #"center-row"
0 0 24 3 5 #")))) "
0 0 24 29 1 #"\n"
0 0 24 3 35 #"                                  ("
0 0 14 3 2 #"r3"
0 0 24 3 1 #" "
0 0 14 3 1 #"x"
0 0 24 3 1 #" "
0 0 14 3 1 #"y"
0 0 24 3 2 #"))"
0 0 24 29 1 #"\n"
0 0 24 3 32 #"                               ("
0 0 14 3 1 #"-"
0 0 24 3 2 #" ("
0 0 14 3 9 #"irgb-blue"
0 0 24 3 1 #" "
0 0 14 3 7 #"bgcolor"
0 0 24 3 3 #") ("
0 0 14 3 9 #"irgb-blue"
0 0 24 3 1 #" "
0 0 14 3 10 #"innercolor"
0 0 24 3 5 #")))))"
0 0 24 29 1 #"\n"
0 0 24 3 19 #"                   "
0 0 24 29 1 #"\n"
0 0 24 3 20 #"                   ]"
0 0 24 29 1 #"\n"
0 0 24 3 19 #"                  ["
0 0 14 3 4 #"else"
0 0 24 3 1 #" "
0 0 14 3 10 #"innercolor"
0 0 24 3 1 #"]"
0 0 24 29 1 #"\n"
0 0 24 3 18 #"                  "
0 0 24 29 1 #"\n"
0 0 24 3 20 #"                  ))"
0 0 24 29 1 #"\n"
0 0 24 3 11 #"          ("
0 0 14 3 11 #"image-width"
0 0 24 3 1 #" "
0 0 14 3 5 #"image"
0 0 24 3 3 #") ("
0 0 14 3 12 #"image-height"
0 0 24 3 1 #" "
0 0 14 3 5 #"image"
0 0 24 3 1 #")"
0 0 24 29 1 #"\n"
0 0 24 3 12 #"          )]"
0 0 24 29 1 #"\n"
0 0 24 3 9 #"         "
0 0 24 29 1 #"\n"
0 0 24 3 10 #"         )"
0 0 24 29 1 #"\n"
0 0 24 3 10 #"         ("
0 0 14 3 23 #"image-copy-paste-block!"
0 0 24 3 1 #" "
0 0 14 3 2 #"bg"
0 0 24 3 1 #" "
0 0 21 3 1 #"0"
0 0 24 3 1 #" "
0 0 21 3 1 #"0"
0 0 24 3 1 #" "
0 0 14 3 5 #"image"
0 0 24 3 1 #" "
0 0 21 3 1 #"0"
0 0 24 3 1 #" "
0 0 21 3 1 #"0"
0 0 24 3 2 #" ("
0 0 14 3 11 #"image-width"
0 0 24 3 1 #" "
0 0 14 3 5 #"image"
0 0 24 3 3 #") ("
0 0 14 3 12 #"image-height"
0 0 24 3 1 #" "
0 0 14 3 5 #"image"
0 0 24 3 2 #"))"
0 0 24 29 1 #"\n"
0 0 24 3 10 #"         )"
0 0 24 29 1 #"\n"
0 0 24 3 4 #"    "
0 0 24 29 1 #"\n"
0 0 24 3 4 #"  ))"
0 0 24 29 1 #"\n"
0 0 24 29 1 #"\n"
0 0 24 29 1 #"\n"
0 0 24 3 1 #"("
0 0 15 3 6 #"define"
0 0 24 3 1 #" "
0 0 14 3 6 #"25-num"
0 0 24 29 1 #"\n"
0 0 24 3 3 #"  ("
0 0 15 3 6 #"lambda"
0 0 24 3 3 #" ()"
0 0 24 29 1 #"\n"
0 0 24 3 5 #"    ("
0 0 15 3 3 #"let"
0 0 24 3 1 #" "
0 0 14 3 6 #"kernel"
0 0 24 3 3 #" (["
0 0 14 3 11 #"list-so-far"
0 0 24 3 1 #" "
0 0 21 3 1 #"'"
0 0 24 3 3 #"()]"
0 0 24 29 1 #"\n"
0 0 24 3 18 #"                 ["
0 0 14 3 1 #"n"
0 0 24 3 1 #" "
0 0 21 3 2 #"25"
0 0 24 3 2 #"])"
0 0 24 29 1 #"\n"
0 0 24 3 7 #"      ("
0 0 15 3 4 #"cond"
0 0 24 3 3 #" [("
0 0 14 3 1 #"<"
0 0 24 3 1 #" "
0 0 14 3 1 #"n"
0 0 24 3 1 #" "
0 0 21 3 1 #"1"
0 0 24 3 1 #")"
0 0 24 29 1 #"\n"
0 0 24 3 10 #"          "
0 0 14 3 11 #"list-so-far"
0 0 24 3 1 #"]"
0 0 24 29 1 #"\n"
0 0 24 3 11 #"          ["
0 0 14 3 4 #"else"
0 0 24 3 2 #" ("
0 0 14 3 6 #"kernel"
0 0 24 3 2 #" ("
0 0 14 3 4 #"cons"
0 0 24 3 2 #" ("
0 0 14 3 6 #"random"
0 0 24 3 1 #" "
0 0 21 3 2 #"25"
0 0 24 3 2 #") "
0 0 14 3 11 #"list-so-far"
0 0 24 3 1 #")"
0 0 24 29 1 #"\n"
0 0 24 3 11 #"          ("
0 0 14 3 1 #"-"
0 0 24 3 1 #" "
0 0 14 3 1 #"n"
0 0 24 3 1 #" "
0 0 21 3 1 #"1"
0 0 24 3 4 #"))])"
0 0 24 29 1 #"\n"
0 0 24 3 4 #"    "
0 0 24 29 1 #"\n"
0 0 24 3 6 #"    ))"
0 0 24 29 1 #"\n"
0 0 24 3 3 #"  )"
0 0 24 29 1 #"\n"
0 0 24 29 1 #"\n"
0 0 24 3 1 #"("
0 0 15 3 6 #"define"
0 0 24 3 1 #" "
0 0 14 3 9 #"star-col1"
0 0 24 3 2 #" ("
0 0 14 3 6 #"25-num"
0 0 24 3 2 #"))"
0 0 24 29 1 #"\n"
0 0 24 3 1 #"("
0 0 15 3 6 #"define"
0 0 24 3 1 #" "
0 0 14 3 9 #"star-row1"
0 0 24 3 2 #" ("
0 0 14 3 6 #"25-num"
0 0 24 3 2 #"))"
0 0 24 29 1 #"\n"
0 0 24 3 1 #"("
0 0 15 3 6 #"define"
0 0 24 3 1 #" "
0 0 14 3 9 #"star-col2"
0 0 24 3 2 #" ("
0 0 14 3 6 #"25-num"
0 0 24 3 2 #"))"
0 0 24 29 1 #"\n"
0 0 24 3 1 #"("
0 0 15 3 6 #"define"
0 0 24 3 1 #" "
0 0 14 3 9 #"star-row2"
0 0 24 3 2 #" ("
0 0 14 3 6 #"25-num"
0 0 24 3 2 #"))"
0 0 24 29 1 #"\n"
0 0 24 29 1 #"\n"
0 0 24 29 1 #"\n"
0 0 24 3 1 #"("
0 0 15 3 6 #"define"
0 0 24 3 1 #" "
0 0 14 3 20 #"draw-central-circles"
0 0 24 29 1 #"\n"
0 0 24 3 3 #"  ("
0 0 15 3 6 #"lambda"
0 0 24 3 2 #" ("
0 0 14 3 5 #"image"
0 0 24 3 1 #" "
0 0 14 3 10 #"circle-num"
0 0 24 3 1 #" "
0 0 14 3 4 #"left"
0 0 24 3 1 #" "
0 0 14 3 3 #"top"
0 0 24 3 1 #" "
0 0 14 3 5 #"right"
0 0 24 3 1 #" "
0 0 14 3 6 #"bottom"
0 0 24 3 1 #")"
0 0 24 29 1 #"\n"
0 0 24 3 5 #"    ("
0 0 15 3 4 #"let*"
0 0 24 3 3 #" (["
0 0 14 3 5 #"x-dis"
0 0 24 3 2 #" ("
0 0 14 3 1 #"/"
0 0 24 3 2 #" ("
0 0 14 3 1 #"-"
0 0 24 3 1 #" "
0 0 14 3 5 #"right"
0 0 24 3 1 #" "
0 0 14 3 4 #"left"
0 0 24 3 2 #") "
0 0 14 3 10 #"circle-num"
0 0 24 3 1 #" "
0 0 21 3 1 #"2"
0 0 24 3 2 #")]"
0 0 24 29 1 #"\n"
0 0 24 3 12 #"           ["
0 0 14 3 5 #"y-dis"
0 0 24 3 2 #" ("
0 0 14 3 1 #"/"
0 0 24 3 2 #" ("
0 0 14 3 1 #"-"
0 0 24 3 1 #" "
0 0 14 3 6 #"bottom"
0 0 24 3 1 #" "
0 0 14 3 3 #"top"
0 0 24 3 2 #") "
0 0 14 3 10 #"circle-num"
0 0 24 3 1 #" "
0 0 21 3 1 #"2"
0 0 24 3 2 #")]"
0 0 24 29 1 #"\n"
0 0 24 3 12 #"           ["
0 0 14 3 5 #"lefts"
0 0 24 3 2 #" ("
0 0 14 3 3 #"map"
0 0 24 3 2 #" ("
0 0 14 3 3 #"l-s"
0 0 24 3 1 #" "
0 0 14 3 1 #"+"
0 0 24 3 1 #" "
0 0 14 3 4 #"left"
0 0 24 3 3 #") ("
0 0 14 3 3 #"map"
0 0 24 3 2 #" ("
0 0 14 3 3 #"l-s"
0 0 24 3 1 #" "
0 0 14 3 1 #"*"
0 0 24 3 1 #" "
0 0 14 3 5 #"x-dis"
0 0 24 3 3 #") ("
0 0 14 3 4 #"iota"
0 0 24 3 1 #" "
0 0 14 3 10 #"circle-num"
0 0 24 3 4 #")))]"
0 0 24 29 1 #"\n"
0 0 24 3 12 #"           ["
0 0 14 3 4 #"tops"
0 0 24 3 3 #"  ("
0 0 14 3 3 #"map"
0 0 24 3 2 #" ("
0 0 14 3 3 #"l-s"
0 0 24 3 1 #" "
0 0 14 3 1 #"+"
0 0 24 3 1 #" "
0 0 14 3 3 #"top"
0 0 24 3 3 #") ("
0 0 14 3 3 #"map"
0 0 24 3 2 #" ("
0 0 14 3 3 #"l-s"
0 0 24 3 1 #" "
0 0 14 3 1 #"*"
0 0 24 3 1 #" "
0 0 14 3 5 #"y-dis"
0 0 24 3 3 #") ("
0 0 14 3 4 #"iota"
0 0 24 3 1 #" "
0 0 14 3 10 #"circle-num"
0 0 24 3 4 #")))]"
0 0 24 29 1 #"\n"
0 0 24 3 12 #"           ["
0 0 14 3 6 #"widths"
0 0 24 3 2 #" ("
0 0 14 3 3 #"map"
0 0 24 3 2 #" ("
0 0 14 3 3 #"l-s"
0 0 24 3 1 #" "
0 0 14 3 1 #"-"
0 0 24 3 2 #" ("
0 0 14 3 1 #"-"
0 0 24 3 1 #" "
0 0 14 3 5 #"right"
0 0 24 3 1 #" "
0 0 14 3 4 #"left"
0 0 24 3 4 #")) ("
0 0 14 3 3 #"map"
0 0 24 3 2 #" ("
0 0 14 3 3 #"l-s"
0 0 24 3 1 #" "
0 0 14 3 1 #"*"
0 0 24 3 2 #" ("
0 0 14 3 1 #"*"
0 0 24 3 1 #" "
0 0 14 3 5 #"x-dis"
0 0 24 3 1 #" "
0 0 21 3 1 #"2"
0 0 24 3 4 #")) ("
0 0 14 3 4 #"iota"
0 0 24 3 1 #" "
0 0 14 3 10 #"circle-num"
0 0 24 3 4 #")))]"
0 0 24 29 1 #"\n"
0 0 24 3 12 #"           ["
0 0 14 3 7 #"heights"
0 0 24 3 2 #" ("
0 0 14 3 3 #"map"
0 0 24 3 2 #" ("
0 0 14 3 3 #"l-s"
0 0 24 3 1 #" "
0 0 14 3 1 #"-"
0 0 24 3 2 #" ("
0 0 14 3 1 #"-"
0 0 24 3 1 #" "
0 0 14 3 6 #"bottom"
0 0 24 3 1 #" "
0 0 14 3 3 #"top"
0 0 24 3 4 #")) ("
0 0 14 3 3 #"map"
0 0 24 3 2 #" ("
0 0 14 3 3 #"l-s"
0 0 24 3 1 #" "
0 0 14 3 1 #"*"
0 0 24 3 2 #" ("
0 0 14 3 1 #"*"
0 0 24 3 1 #" "
0 0 14 3 5 #"y-dis"
0 0 24 3 1 #" "
0 0 21 3 1 #"2"
0 0 24 3 4 #")) ("
0 0 14 3 4 #"iota"
0 0 24 3 1 #" "
0 0 14 3 10 #"circle-num"
0 0 24 3 4 #")))]"
0 0 24 29 1 #"\n"
0 0 24 3 12 #"           ["
0 0 14 3 16 #"draw-one-circle!"
0 0 24 3 2 #" ("
0 0 15 3 6 #"lambda"
0 0 24 3 2 #" ("
0 0 14 3 1 #"l"
0 0 24 3 1 #" "
0 0 14 3 1 #"t"
0 0 24 3 1 #" "
0 0 14 3 5 #"width"
0 0 24 3 1 #" "
0 0 14 3 6 #"height"
0 0 24 3 1 #")"
0 0 24 29 1 #"\n"
0 0 24 3 32 #"                               ("
0 0 14 3 21 #"image-select-ellipse!"
0 0 24 3 1 #" "
0 0 14 3 5 #"image"
0 0 24 3 1 #" "
0 0 14 3 7 #"REPLACE"
0 0 24 3 1 #" "
0 0 24 29 1 #"\n"
0 0 24 3 54 #"                                                      "
0 0 14 3 1 #"l"
0 0 24 3 1 #" "
0 0 14 3 1 #"t"
0 0 24 3 1 #" "
0 0 14 3 5 #"width"
0 0 24 3 1 #" "
0 0 14 3 6 #"height"
0 0 24 3 1 #")"
0 0 24 29 1 #"\n"
0 0 24 3 32 #"                               ("
0 0 14 3 23 #"image-stroke-selection!"
0 0 24 3 1 #" "
0 0 14 3 5 #"image"
0 0 24 3 1 #")"
0 0 24 29 1 #"\n"
0 0 24 3 32 #"                               ("
0 0 14 3 21 #"image-select-nothing!"
0 0 24 3 1 #" "
0 0 14 3 5 #"image"
0 0 24 3 1 #")"
0 0 24 29 1 #"\n"
0 0 24 3 34 #"                               )])"
0 0 24 29 1 #"\n"
0 0 24 3 7 #"      ("
0 0 14 3 8 #"for-each"
0 0 24 3 1 #" "
0 0 14 3 16 #"draw-one-circle!"
0 0 24 3 1 #" "
0 0 14 3 5 #"lefts"
0 0 24 3 1 #" "
0 0 14 3 4 #"tops"
0 0 24 3 1 #" "
0 0 14 3 6 #"widths"
0 0 24 3 1 #" "
0 0 14 3 7 #"heights"
0 0 24 3 1 #")"
0 0 24 29 1 #"\n"
0 0 24 3 7 #"      )"
0 0 24 29 1 #"\n"
0 0 24 3 4 #"    "
0 0 24 29 1 #"\n"
0 0 24 3 5 #"    )"
0 0 24 29 1 #"\n"
0 0 24 3 2 #"  "
0 0 24 29 1 #"\n"
0 0 24 3 3 #"  )"
0 0 24 29 1 #"\n"
0 0 24 29 1 #"\n"
0 0 24 29 1 #"\n"
0 0 24 3 1 #"("
0 0 15 3 6 #"define"
0 0 24 3 1 #" "
0 0 14 3 14 #"generate-color"
0 0 24 29 1 #"\n"
0 0 24 3 3 #"  ("
0 0 15 3 6 #"lambda"
0 0 24 3 2 #" ("
0 0 14 3 3 #"num"
0 0 24 3 1 #")"
0 0 24 29 1 #"\n"
0 0 24 3 5 #"    ("
0 0 15 3 4 #"cond"
0 0 24 3 3 #" [("
0 0 14 3 1 #"="
0 0 24 3 1 #" "
0 0 14 3 3 #"num"
0 0 24 3 1 #" "
0 0 21 3 1 #"0"
0 0 24 3 1 #")"
0 0 24 29 1 #"\n"
0 0 24 3 12 #"           ("
0 0 14 3 4 #"irgb"
0 0 24 3 1 #" "
0 0 21 3 3 #"255"
0 0 24 3 1 #" "
0 0 21 3 3 #"255"
0 0 24 3 1 #" "
0 0 21 3 3 #"255"
0 0 24 3 2 #")]"
0 0 24 29 1 #"\n"
0 0 24 3 12 #"          [("
0 0 14 3 1 #"="
0 0 24 3 1 #" "
0 0 14 3 3 #"num"
0 0 24 3 1 #" "
0 0 21 3 1 #"1"
0 0 24 3 1 #")"
0 0 24 29 1 #"\n"
0 0 24 3 12 #"           ("
0 0 14 3 4 #"irgb"
0 0 24 3 1 #" "
0 0 21 3 3 #"255"
0 0 24 3 1 #" "
0 0 21 3 3 #"150"
0 0 24 3 1 #" "
0 0 21 3 3 #"150"
0 0 24 3 2 #")]"
0 0 24 29 1 #"\n"
0 0 24 3 12 #"          [("
0 0 14 3 1 #"="
0 0 24 3 1 #" "
0 0 14 3 3 #"num"
0 0 24 3 1 #" "
0 0 21 3 1 #"2"
0 0 24 3 1 #")"
0 0 24 29 1 #"\n"
0 0 24 3 12 #"           ("
0 0 14 3 4 #"irgb"
0 0 24 3 1 #" "
0 0 21 3 3 #"200"
0 0 24 3 1 #" "
0 0 21 3 3 #"200"
0 0 24 3 1 #" "
0 0 21 3 3 #"255"
0 0 24 3 2 #")]"
0 0 24 29 1 #"\n"
0 0 24 3 12 #"          [("
0 0 14 3 1 #"="
0 0 24 3 1 #" "
0 0 14 3 3 #"num"
0 0 24 3 1 #" "
0 0 21 3 1 #"3"
0 0 24 3 1 #")"
0 0 24 29 1 #"\n"
0 0 24 3 12 #"           ("
0 0 14 3 4 #"irgb"
0 0 24 3 1 #" "
0 0 21 3 3 #"200"
0 0 24 3 1 #" "
0 0 21 3 3 #"255"
0 0 24 3 1 #" "
0 0 21 3 3 #"200"
0 0 24 3 2 #")]"
0 0 24 29 1 #"\n"
0 0 24 3 12 #"          [("
0 0 14 3 1 #"="
0 0 24 3 1 #" "
0 0 14 3 3 #"num"
0 0 24 3 1 #" "
0 0 21 3 1 #"4"
0 0 24 3 1 #")"
0 0 24 29 1 #"\n"
0 0 24 3 12 #"           ("
0 0 14 3 4 #"irgb"
0 0 24 3 1 #" "
0 0 21 3 3 #"255"
0 0 24 3 1 #" "
0 0 21 3 3 #"200"
0 0 24 3 1 #" "
0 0 21 3 3 #"255"
0 0 24 3 2 #")]"
0 0 24 29 1 #"\n"
0 0 24 3 12 #"          [("
0 0 14 3 1 #"="
0 0 24 3 1 #" "
0 0 14 3 3 #"num"
0 0 24 3 1 #" "
0 0 21 3 1 #"5"
0 0 24 3 1 #")"
0 0 24 29 1 #"\n"
0 0 24 3 12 #"           ("
0 0 14 3 4 #"irgb"
0 0 24 3 1 #" "
0 0 21 3 3 #"255"
0 0 24 3 1 #" "
0 0 21 3 3 #"255"
0 0 24 3 1 #" "
0 0 21 3 3 #"200"
0 0 24 3 2 #")]"
0 0 24 29 1 #"\n"
0 0 24 3 12 #"          [("
0 0 14 3 1 #"="
0 0 24 3 1 #" "
0 0 14 3 3 #"num"
0 0 24 3 1 #" "
0 0 21 3 1 #"6"
0 0 24 3 1 #")"
0 0 24 29 1 #"\n"
0 0 24 3 12 #"           ("
0 0 14 3 4 #"irgb"
0 0 24 3 1 #" "
0 0 21 3 3 #"255"
0 0 24 3 1 #" "
0 0 21 3 3 #"192"
0 0 24 3 1 #" "
0 0 21 3 3 #"203"
0 0 24 3 2 #")]"
0 0 24 29 1 #"\n"
0 0 24 3 12 #"          [("
0 0 14 3 1 #"="
0 0 24 3 1 #" "
0 0 14 3 3 #"num"
0 0 24 3 1 #" "
0 0 21 3 1 #"7"
0 0 24 3 1 #")"
0 0 24 29 1 #"\n"
0 0 24 3 12 #"           ("
0 0 14 3 4 #"irgb"
0 0 24 3 1 #" "
0 0 21 3 3 #"200"
0 0 24 3 1 #" "
0 0 21 3 3 #"255"
0 0 24 3 1 #" "
0 0 21 3 3 #"255"
0 0 24 3 2 #")]"
0 0 24 29 1 #"\n"
0 0 24 3 12 #"          [("
0 0 14 3 1 #"="
0 0 24 3 1 #" "
0 0 14 3 3 #"num"
0 0 24 3 1 #" "
0 0 21 3 1 #"8"
0 0 24 3 1 #")"
0 0 24 29 1 #"\n"
0 0 24 3 12 #"           ("
0 0 14 3 4 #"irgb"
0 0 24 3 1 #" "
0 0 21 3 3 #"192"
0 0 24 3 1 #" "
0 0 21 3 3 #"203"
0 0 24 3 1 #" "
0 0 21 3 3 #"255"
0 0 24 3 2 #")]"
0 0 24 29 1 #"\n"
0 0 24 3 12 #"          [("
0 0 14 3 1 #"="
0 0 24 3 1 #" "
0 0 14 3 3 #"num"
0 0 24 3 1 #" "
0 0 21 3 1 #"9"
0 0 24 3 1 #")"
0 0 24 29 1 #"\n"
0 0 24 3 12 #"           ("
0 0 14 3 4 #"irgb"
0 0 24 3 1 #" "
0 0 21 3 3 #"192"
0 0 24 3 1 #" "
0 0 21 3 3 #"255"
0 0 24 3 1 #" "
0 0 21 3 3 #"203"
0 0 24 3 3 #")])"
0 0 24 29 1 #"\n"
0 0 24 3 2 #"  "
0 0 24 29 1 #"\n"
0 0 24 3 4 #"  ))"
0 0 24 29 1 #"\n"
0 0 24 29 1 #"\n"
0 0 24 3 1 #"("
0 0 15 3 6 #"define"
0 0 24 3 1 #" "
0 0 14 3 12 #"draw-squares"
0 0 24 29 1 #"\n"
0 0 24 3 3 #"  ("
0 0 15 3 6 #"lambda"
0 0 24 3 2 #" ("
0 0 14 3 5 #"image"
0 0 24 3 1 #" "
0 0 14 3 3 #"num"
0 0 24 3 1 #" "
0 0 14 3 1 #"R"
0 0 24 3 1 #" "
0 0 14 3 5 #"ratio"
0 0 24 3 1 #" "
0 0 14 3 5 #"c-col"
0 0 24 3 1 #" "
0 0 14 3 5 #"c-row"
0 0 24 3 1 #")"
0 0 24 29 1 #"\n"
0 0 24 3 5 #"    ("
0 0 15 3 4 #"let*"
0 0 24 3 3 #" (["
0 0 14 3 1 #"a"
0 0 24 3 2 #" ("
0 0 14 3 1 #"*"
0 0 24 3 1 #" "
0 0 21 3 1 #"2"
0 0 24 3 1 #" "
0 0 14 3 1 #"R"
0 0 24 3 2 #" ("
0 0 14 3 3 #"sin"
0 0 24 3 2 #" ("
0 0 14 3 1 #"/"
0 0 24 3 1 #" "
0 0 14 3 2 #"pi"
0 0 24 3 1 #" "
0 0 21 3 2 #"10"
0 0 24 3 4 #")))]"
0 0 24 29 1 #"\n"
0 0 24 3 12 #"           ["
0 0 14 3 1 #"h"
0 0 24 3 1 #" "
0 0 14 3 5 #"c-col"
0 0 24 3 1 #"]"
0 0 24 29 1 #"\n"
0 0 24 3 12 #"           ["
0 0 14 3 1 #"k"
0 0 24 3 1 #" "
0 0 14 3 5 #"c-row"
0 0 24 3 1 #"]"
0 0 24 29 1 #"\n"
0 0 24 3 12 #"           ["
0 0 14 3 3 #"dx1"
0 0 24 3 2 #" ("
0 0 15 3 6 #"lambda"
0 0 24 3 2 #" ("
0 0 14 3 1 #"n"
0 0 24 3 1 #")"
0 0 24 29 1 #"\n"
0 0 24 3 18 #"                 ("
0 0 14 3 1 #"*"
0 0 24 3 2 #" ("
0 0 14 3 3 #"cos"
0 0 24 3 2 #" ("
0 0 14 3 1 #"-"
0 0 24 3 2 #" ("
0 0 14 3 1 #"*"
0 0 24 3 1 #" "
0 0 14 3 2 #"pi"
0 0 24 3 2 #" ("
0 0 14 3 1 #"/"
0 0 24 3 1 #" "
0 0 21 3 1 #"3"
0 0 24 3 1 #" "
0 0 21 3 2 #"20"
0 0 24 3 4 #")) ("
0 0 14 3 1 #"*"
0 0 24 3 1 #" "
0 0 14 3 1 #"n"
0 0 24 3 2 #" ("
0 0 14 3 1 #"/"
0 0 24 3 1 #" "
0 0 14 3 2 #"pi"
0 0 24 3 1 #" "
0 0 21 3 1 #"5"
0 0 24 3 5 #")))) "
0 0 14 3 1 #"a"
0 0 24 3 3 #"))]"
0 0 24 29 1 #"\n"
0 0 24 3 12 #"           ["
0 0 14 3 3 #"dy1"
0 0 24 3 2 #" ("
0 0 15 3 6 #"lambda"
0 0 24 3 2 #" ("
0 0 14 3 1 #"n"
0 0 24 3 1 #")"
0 0 24 29 1 #"\n"
0 0 24 3 18 #"                 ("
0 0 14 3 1 #"*"
0 0 24 3 2 #" ("
0 0 14 3 3 #"sin"
0 0 24 3 2 #" ("
0 0 14 3 1 #"-"
0 0 24 3 2 #" ("
0 0 14 3 1 #"*"
0 0 24 3 1 #" "
0 0 14 3 1 #"n"
0 0 24 3 2 #" ("
0 0 14 3 1 #"/"
0 0 24 3 1 #" "
0 0 14 3 2 #"pi"
0 0 24 3 1 #" "
0 0 21 3 1 #"5"
0 0 24 3 3 #"))("
0 0 14 3 1 #"*"
0 0 24 3 1 #" "
0 0 14 3 2 #"pi"
0 0 24 3 2 #" ("
0 0 14 3 1 #"/"
0 0 24 3 1 #" "
0 0 21 3 1 #"3"
0 0 24 3 1 #" "
0 0 21 3 2 #"20"
0 0 24 3 6 #")) )) "
0 0 14 3 1 #"a"
0 0 24 3 3 #"))]"
0 0 24 29 1 #"\n"
0 0 24 3 12 #"           ["
0 0 14 3 3 #"dx2"
0 0 24 3 2 #" ("
0 0 15 3 6 #"lambda"
0 0 24 3 2 #" ("
0 0 14 3 1 #"n"
0 0 24 3 1 #")"
0 0 24 29 1 #"\n"
0 0 24 3 18 #"                 ("
0 0 14 3 1 #"*"
0 0 24 3 2 #" ("
0 0 14 3 3 #"sin"
0 0 24 3 2 #" ("
0 0 14 3 1 #"-"
0 0 24 3 2 #" ("
0 0 14 3 1 #"*"
0 0 24 3 1 #" "
0 0 14 3 2 #"pi"
0 0 24 3 2 #" ("
0 0 14 3 1 #"/"
0 0 24 3 1 #" "
0 0 21 3 1 #"3"
0 0 24 3 1 #" "
0 0 21 3 2 #"20"
0 0 24 3 4 #")) ("
0 0 14 3 1 #"*"
0 0 24 3 1 #" "
0 0 14 3 1 #"n"
0 0 24 3 2 #" ("
0 0 14 3 1 #"/"
0 0 24 3 1 #" "
0 0 14 3 2 #"pi"
0 0 24 3 1 #" "
0 0 21 3 1 #"5"
0 0 24 3 5 #")))) "
0 0 14 3 1 #"a"
0 0 24 3 3 #"))]"
0 0 24 29 1 #"\n"
0 0 24 3 12 #"           ["
0 0 14 3 3 #"dy2"
0 0 24 3 2 #" ("
0 0 15 3 6 #"lambda"
0 0 24 3 2 #" ("
0 0 14 3 1 #"n"
0 0 24 3 1 #")"
0 0 24 29 1 #"\n"
0 0 24 3 18 #"                 ("
0 0 14 3 1 #"*"
0 0 24 3 2 #" ("
0 0 14 3 3 #"cos"
0 0 24 3 2 #" ("
0 0 14 3 1 #"-"
0 0 24 3 2 #" ("
0 0 14 3 1 #"*"
0 0 24 3 1 #" "
0 0 14 3 2 #"pi"
0 0 24 3 2 #" ("
0 0 14 3 1 #"/"
0 0 24 3 1 #" "
0 0 21 3 1 #"3"
0 0 24 3 1 #" "
0 0 21 3 2 #"20"
0 0 24 3 4 #")) ("
0 0 14 3 1 #"*"
0 0 24 3 1 #" "
0 0 14 3 1 #"n"
0 0 24 3 2 #" ("
0 0 14 3 1 #"/"
0 0 24 3 1 #" "
0 0 14 3 2 #"pi"
0 0 24 3 1 #" "
0 0 21 3 1 #"5"
0 0 24 3 5 #")))) "
0 0 14 3 1 #"a"
0 0 24 3 3 #"))]"
0 0 24 29 1 #"\n"
0 0 24 3 12 #"           ["
0 0 14 3 3 #"dx3"
0 0 24 3 2 #" ("
0 0 15 3 6 #"lambda"
0 0 24 3 2 #" ("
0 0 14 3 1 #"n"
0 0 24 3 1 #")"
0 0 24 29 1 #"\n"
0 0 24 3 18 #"                 ("
0 0 14 3 1 #"*"
0 0 24 3 2 #" ("
0 0 14 3 3 #"cos"
0 0 24 3 2 #" ("
0 0 14 3 1 #"-"
0 0 24 3 2 #" ("
0 0 14 3 1 #"*"
0 0 24 3 1 #" "
0 0 14 3 1 #"n"
0 0 24 3 2 #" ("
0 0 14 3 1 #"/"
0 0 24 3 1 #" "
0 0 14 3 2 #"pi"
0 0 24 3 1 #" "
0 0 21 3 1 #"5"
0 0 24 3 3 #"))("
0 0 14 3 1 #"*"
0 0 24 3 1 #" "
0 0 14 3 2 #"pi"
0 0 24 3 2 #" ("
0 0 14 3 1 #"/"
0 0 24 3 1 #" "
0 0 21 3 1 #"3"
0 0 24 3 1 #" "
0 0 21 3 2 #"20"
0 0 24 3 6 #")) )) "
0 0 14 3 1 #"a"
0 0 24 3 3 #"))]"
0 0 24 29 1 #"\n"
0 0 24 3 12 #"           ["
0 0 14 3 3 #"dy3"
0 0 24 3 2 #" ("
0 0 15 3 6 #"lambda"
0 0 24 3 2 #" ("
0 0 14 3 1 #"n"
0 0 24 3 1 #")"
0 0 24 29 1 #"\n"
0 0 24 3 18 #"                 ("
0 0 14 3 1 #"*"
0 0 24 3 2 #" ("
0 0 14 3 3 #"sin"
0 0 24 3 2 #" ("
0 0 14 3 1 #"-"
0 0 24 3 2 #" ("
0 0 14 3 1 #"*"
0 0 24 3 1 #" "
0 0 14 3 2 #"pi"
0 0 24 3 2 #" ("
0 0 14 3 1 #"/"
0 0 24 3 1 #" "
0 0 21 3 1 #"3"
0 0 24 3 1 #" "
0 0 21 3 2 #"20"
0 0 24 3 4 #")) ("
0 0 14 3 1 #"*"
0 0 24 3 1 #" "
0 0 14 3 1 #"n"
0 0 24 3 2 #" ("
0 0 14 3 1 #"/"
0 0 24 3 1 #" "
0 0 14 3 2 #"pi"
0 0 24 3 1 #" "
0 0 21 3 1 #"5"
0 0 24 3 5 #")))) "
0 0 14 3 1 #"a"
0 0 24 3 3 #"))]"
0 0 24 29 1 #"\n"
0 0 24 3 12 #"           ["
0 0 14 3 3 #"dx4"
0 0 24 3 2 #" ("
0 0 15 3 6 #"lambda"
0 0 24 3 2 #" ("
0 0 14 3 1 #"n"
0 0 24 3 1 #")"
0 0 24 29 1 #"\n"
0 0 24 3 18 #"                 ("
0 0 14 3 1 #"*"
0 0 24 3 2 #" ("
0 0 14 3 3 #"sin"
0 0 24 3 2 #" ("
0 0 14 3 1 #"-"
0 0 24 3 2 #" ("
0 0 14 3 1 #"*"
0 0 24 3 1 #" "
0 0 14 3 1 #"n"
0 0 24 3 2 #" ("
0 0 14 3 1 #"/"
0 0 24 3 1 #" "
0 0 14 3 2 #"pi"
0 0 24 3 1 #" "
0 0 21 3 1 #"5"
0 0 24 3 4 #")) ("
0 0 14 3 1 #"*"
0 0 24 3 1 #" "
0 0 14 3 2 #"pi"
0 0 24 3 2 #" ("
0 0 14 3 1 #"/"
0 0 24 3 1 #" "
0 0 21 3 1 #"3"
0 0 24 3 1 #" "
0 0 21 3 2 #"20"
0 0 24 3 5 #")))) "
0 0 14 3 1 #"a"
0 0 24 3 3 #"))]"
0 0 24 29 1 #"\n"
0 0 24 3 12 #"           ["
0 0 14 3 3 #"dy4"
0 0 24 3 2 #" ("
0 0 15 3 6 #"lambda"
0 0 24 3 2 #" ("
0 0 14 3 1 #"n"
0 0 24 3 1 #")"
0 0 24 29 1 #"\n"
0 0 24 3 18 #"                 ("
0 0 14 3 1 #"*"
0 0 24 3 2 #" ("
0 0 14 3 3 #"cos"
0 0 24 3 2 #" ("
0 0 14 3 1 #"-"
0 0 24 3 2 #" ("
0 0 14 3 1 #"*"
0 0 24 3 1 #" "
0 0 14 3 1 #"n"
0 0 24 3 2 #" ("
0 0 14 3 1 #"/"
0 0 24 3 1 #" "
0 0 14 3 2 #"pi"
0 0 24 3 1 #" "
0 0 21 3 1 #"5"
0 0 24 3 3 #"))("
0 0 14 3 1 #"*"
0 0 24 3 1 #" "
0 0 14 3 2 #"pi"
0 0 24 3 2 #" ("
0 0 14 3 1 #"/"
0 0 24 3 1 #" "
0 0 21 3 1 #"3"
0 0 24 3 1 #" "
0 0 21 3 2 #"20"
0 0 24 3 6 #")) )) "
0 0 14 3 1 #"a"
0 0 24 3 3 #"))]"
0 0 24 29 1 #"\n"
0 0 24 3 12 #"           ["
0 0 14 3 17 #"four-basic-points"
0 0 24 3 2 #" ("
0 0 14 3 4 #"list"
0 0 24 3 2 #" ("
0 0 14 3 4 #"cons"
0 0 24 3 2 #" ("
0 0 14 3 1 #"-"
0 0 24 3 1 #" "
0 0 14 3 1 #"h"
0 0 24 3 2 #" ("
0 0 14 3 1 #"/"
0 0 24 3 1 #" "
0 0 14 3 1 #"R"
0 0 24 3 2 #" ("
0 0 14 3 4 #"sqrt"
0 0 24 3 1 #" "
0 0 21 3 1 #"2"
0 0 24 3 6 #")))  ("
0 0 14 3 1 #"-"
0 0 24 3 1 #" "
0 0 14 3 1 #"k"
0 0 24 3 2 #" ("
0 0 14 3 1 #"/"
0 0 24 3 1 #" "
0 0 14 3 1 #"R"
0 0 24 3 2 #" ("
0 0 14 3 4 #"sqrt"
0 0 24 3 1 #" "
0 0 21 3 1 #"2"
0 0 24 3 4 #"))))"
0 0 24 29 1 #"\n"
0 0 24 3 37 #"                                    ("
0 0 14 3 4 #"cons"
0 0 24 3 2 #" ("
0 0 14 3 1 #"+"
0 0 24 3 1 #" "
0 0 14 3 1 #"h"
0 0 24 3 2 #" ("
0 0 14 3 1 #"/"
0 0 24 3 1 #" "
0 0 14 3 1 #"R"
0 0 24 3 2 #" ("
0 0 14 3 4 #"sqrt"
0 0 24 3 1 #" "
0 0 21 3 1 #"2"
0 0 24 3 6 #")))  ("
0 0 14 3 1 #"-"
0 0 24 3 1 #" "
0 0 14 3 1 #"k"
0 0 24 3 2 #" ("
0 0 14 3 1 #"/"
0 0 24 3 1 #" "
0 0 14 3 1 #"R"
0 0 24 3 2 #" ("
0 0 14 3 4 #"sqrt"
0 0 24 3 1 #" "
0 0 21 3 1 #"2"
0 0 24 3 4 #"))))"
0 0 24 29 1 #"\n"
0 0 24 3 37 #"                                    ("
0 0 14 3 4 #"cons"
0 0 24 3 2 #" ("
0 0 14 3 1 #"+"
0 0 24 3 1 #" "
0 0 14 3 1 #"h"
0 0 24 3 2 #" ("
0 0 14 3 1 #"/"
0 0 24 3 1 #" "
0 0 14 3 1 #"R"
0 0 24 3 2 #" ("
0 0 14 3 4 #"sqrt"
0 0 24 3 1 #" "
0 0 21 3 1 #"2"
0 0 24 3 6 #")))  ("
0 0 14 3 1 #"+"
0 0 24 3 1 #" "
0 0 14 3 1 #"k"
0 0 24 3 2 #" ("
0 0 14 3 1 #"/"
0 0 24 3 1 #" "
0 0 14 3 1 #"R"
0 0 24 3 2 #" ("
0 0 14 3 4 #"sqrt"
0 0 24 3 1 #" "
0 0 21 3 1 #"2"
0 0 24 3 4 #"))))"
0 0 24 29 1 #"\n"
0 0 24 3 37 #"                                    ("
0 0 14 3 4 #"cons"
0 0 24 3 2 #" ("
0 0 14 3 1 #"-"
0 0 24 3 1 #" "
0 0 14 3 1 #"h"
0 0 24 3 2 #" ("
0 0 14 3 1 #"/"
0 0 24 3 1 #" "
0 0 14 3 1 #"R"
0 0 24 3 2 #" ("
0 0 14 3 4 #"sqrt"
0 0 24 3 1 #" "
0 0 21 3 1 #"2"
0 0 24 3 5 #"))) ("
0 0 14 3 1 #"+"
0 0 24 3 1 #" "
0 0 14 3 1 #"k"
0 0 24 3 2 #" ("
0 0 14 3 1 #"/"
0 0 24 3 1 #" "
0 0 14 3 1 #"R"
0 0 24 3 2 #" ("
0 0 14 3 4 #"sqrt"
0 0 24 3 1 #" "
0 0 21 3 1 #"2"
0 0 24 3 6 #")))))]"
0 0 24 29 1 #"\n"
0 0 24 3 12 #"           ["
0 0 14 3 13 #"change-points"
0 0 24 3 2 #" ("
0 0 15 3 6 #"lambda"
0 0 24 3 2 #" ("
0 0 14 3 1 #"n"
0 0 24 3 1 #")"
0 0 24 29 1 #"\n"
0 0 24 3 27 #"                          ("
0 0 15 3 3 #"let"
0 0 24 3 1 #" "
0 0 14 3 6 #"kernel"
0 0 24 3 3 #" (["
0 0 14 3 6 #"points"
0 0 24 3 1 #" "
0 0 14 3 17 #"four-basic-points"
0 0 24 3 1 #"]"
0 0 24 29 1 #"\n"
0 0 24 3 40 #"                                       ["
0 0 14 3 1 #"i"
0 0 24 3 1 #" "
0 0 14 3 1 #"n"
0 0 24 3 2 #"])"
0 0 24 29 1 #"\n"
0 0 24 3 28 #"                           ("
0 0 14 3 2 #"if"
0 0 24 3 2 #" ("
0 0 14 3 1 #"="
0 0 24 3 1 #" "
0 0 14 3 1 #"i"
0 0 24 3 1 #" "
0 0 21 3 1 #"0"
0 0 24 3 1 #")"
0 0 24 29 1 #"\n"
0 0 24 3 31 #"                               "
0 0 14 3 6 #"points"
0 0 24 29 1 #"\n"
0 0 24 3 29 #"                            ("
0 0 14 3 6 #"kernel"
0 0 24 3 2 #" ("
0 0 14 3 4 #"list"
0 0 24 3 2 #" ("
0 0 14 3 4 #"cons"
0 0 24 3 2 #" ("
0 0 14 3 1 #"+"
0 0 24 3 2 #" ("
0 0 14 3 4 #"caar"
0 0 24 3 1 #" "
0 0 14 3 6 #"points"
0 0 24 3 3 #") ("
0 0 14 3 3 #"dx1"
0 0 24 3 1 #" "
0 0 14 3 1 #"n"
0 0 24 3 5 #"))  ("
0 0 14 3 1 #"+"
0 0 24 3 2 #" ("
0 0 14 3 4 #"cdar"
0 0 24 3 1 #" "
0 0 14 3 6 #"points"
0 0 24 3 3 #") ("
0 0 14 3 3 #"dy1"
0 0 24 3 1 #" "
0 0 14 3 1 #"n"
0 0 24 3 3 #")))"
0 0 24 29 1 #"\n"
0 0 24 3 35 #"                                  ("
0 0 14 3 4 #"cons"
0 0 24 3 2 #" ("
0 0 14 3 1 #"+"
0 0 24 3 2 #" ("
0 0 14 3 5 #"caadr"
0 0 24 3 1 #" "
0 0 14 3 6 #"points"
0 0 24 3 3 #") ("
0 0 14 3 3 #"dx2"
0 0 24 3 1 #" "
0 0 14 3 1 #"n"
0 0 24 3 5 #"))  ("
0 0 14 3 1 #"+"
0 0 24 3 2 #" ("
0 0 14 3 5 #"cdadr"
0 0 24 3 1 #" "
0 0 14 3 6 #"points"
0 0 24 3 3 #") ("
0 0 14 3 3 #"dy2"
0 0 24 3 1 #" "
0 0 14 3 1 #"n"
0 0 24 3 3 #")))"
0 0 24 29 1 #"\n"
0 0 24 3 35 #"                                  ("
0 0 14 3 4 #"cons"
0 0 24 3 2 #" ("
0 0 14 3 1 #"+"
0 0 24 3 2 #" ("
0 0 14 3 6 #"caaddr"
0 0 24 3 1 #" "
0 0 14 3 6 #"points"
0 0 24 3 3 #") ("
0 0 14 3 3 #"dx3"
0 0 24 3 1 #" "
0 0 14 3 1 #"n"
0 0 24 3 4 #")) ("
0 0 14 3 1 #"+"
0 0 24 3 2 #" ("
0 0 14 3 6 #"cdaddr"
0 0 24 3 1 #" "
0 0 14 3 6 #"points"
0 0 24 3 3 #") ("
0 0 14 3 3 #"dy3"
0 0 24 3 1 #" "
0 0 14 3 1 #"n"
0 0 24 3 3 #")))"
0 0 24 29 1 #"\n"
0 0 24 3 35 #"                                  ("
0 0 14 3 4 #"cons"
0 0 24 3 2 #" ("
0 0 14 3 1 #"+"
0 0 24 3 2 #" ("
0 0 14 3 4 #"caar"
0 0 24 3 2 #" ("
0 0 14 3 5 #"cdddr"
0 0 24 3 1 #" "
0 0 14 3 6 #"points"
0 0 24 3 4 #")) ("
0 0 14 3 3 #"dx4"
0 0 24 3 1 #" "
0 0 14 3 1 #"n"
0 0 24 3 5 #"))  ("
0 0 14 3 1 #"+"
0 0 24 3 2 #" ("
0 0 14 3 4 #"cdar"
0 0 24 3 2 #" ("
0 0 14 3 5 #"cdddr"
0 0 24 3 1 #" "
0 0 14 3 6 #"points"
0 0 24 3 4 #")) ("
0 0 14 3 3 #"dy4"
0 0 24 3 1 #" "
0 0 14 3 1 #"n"
0 0 24 3 4 #"))))"
0 0 24 29 1 #"\n"
0 0 24 3 35 #"                                  ("
0 0 14 3 1 #"-"
0 0 24 3 1 #" "
0 0 14 3 1 #"i"
0 0 24 3 1 #" "
0 0 21 3 1 #"1"
0 0 24 3 1 #")"
0 0 24 29 1 #"\n"
0 0 24 3 41 #"                                    ))))]"
0 0 24 29 1 #"\n"
0 0 24 3 12 #"           ["
0 0 14 3 10 #"all-points"
0 0 24 3 2 #" ("
0 0 14 3 3 #"map"
0 0 24 3 1 #" "
0 0 14 3 13 #"change-points"
0 0 24 3 2 #" ("
0 0 14 3 4 #"iota"
0 0 24 3 1 #" "
0 0 21 3 2 #"10"
0 0 24 3 3 #"))]"
0 0 24 29 1 #"\n"
0 0 24 3 12 #"           ["
0 0 14 3 13 #"picked-points"
0 0 24 3 2 #" ("
0 0 14 3 9 #"list-take"
0 0 24 3 1 #" "
0 0 14 3 10 #"all-points"
0 0 24 3 2 #" ("
0 0 14 3 1 #"+"
0 0 24 3 1 #" "
0 0 21 3 1 #"1"
0 0 24 3 1 #" "
0 0 14 3 3 #"num"
0 0 24 3 3 #"))]"
0 0 24 29 1 #"\n"
0 0 24 3 12 #"           ["
0 0 14 3 9 #"my-points"
0 0 24 3 2 #" ("
0 0 15 3 3 #"let"
0 0 24 3 1 #" "
0 0 14 3 6 #"kernel"
0 0 24 3 3 #" (["
0 0 14 3 1 #"i"
0 0 24 3 1 #" "
0 0 21 3 1 #"0"
0 0 24 3 1 #"]"
0 0 24 29 1 #"\n"
0 0 24 3 36 #"                                   ["
0 0 14 3 10 #"cur-points"
0 0 24 3 1 #" "
0 0 21 3 1 #"'"
0 0 24 3 3 #"()]"
0 0 24 29 1 #"\n"
0 0 24 3 40 #"                                       )"
0 0 24 29 1 #"\n"
0 0 24 3 25 #"                        ("
0 0 15 3 4 #"cond"
0 0 24 3 3 #" [("
0 0 14 3 1 #">"
0 0 24 3 1 #" "
0 0 14 3 1 #"i"
0 0 24 3 1 #" "
0 0 14 3 3 #"num"
0 0 24 3 1 #")"
0 0 24 29 1 #"\n"
0 0 24 3 32 #"                               ("
0 0 14 3 7 #"reverse"
0 0 24 3 1 #" "
0 0 14 3 10 #"cur-points"
0 0 24 3 2 #")]"
0 0 24 29 1 #"\n"
0 0 24 3 29 #"                            ["
0 0 14 3 4 #"else"
0 0 24 29 1 #"\n"
0 0 24 3 30 #"                             ("
0 0 14 3 6 #"kernel"
0 0 24 3 2 #" ("
0 0 14 3 1 #"+"
0 0 24 3 1 #" "
0 0 14 3 1 #"i"
0 0 24 3 1 #" "
0 0 21 3 1 #"1"
0 0 24 3 1 #")"
0 0 24 29 1 #"\n"
0 0 24 3 31 #"                              ("
0 0 14 3 4 #"cons"
0 0 24 3 2 #" ("
0 0 14 3 4 #"list"
0 0 24 3 2 #" ("
0 0 14 3 4 #"cons"
0 0 24 3 2 #" ("
0 0 14 3 1 #"+"
0 0 24 3 2 #" ("
0 0 14 3 1 #"*"
0 0 24 3 1 #" "
0 0 14 3 1 #"h"
0 0 24 3 2 #" ("
0 0 14 3 1 #"-"
0 0 24 3 1 #" "
0 0 21 3 1 #"1"
0 0 24 3 1 #" "
0 0 14 3 5 #"ratio"
0 0 24 3 4 #")) ("
0 0 14 3 1 #"*"
0 0 24 3 2 #" ("
0 0 14 3 4 #"caar"
0 0 24 3 2 #" ("
0 0 14 3 8 #"list-ref"
0 0 24 3 1 #" "
0 0 14 3 13 #"picked-points"
0 0 24 3 1 #" "
0 0 14 3 1 #"i"
0 0 24 3 3 #")) "
0 0 14 3 5 #"ratio"
0 0 24 3 4 #")) ("
0 0 14 3 4 #"cdar"
0 0 24 3 2 #" ("
0 0 14 3 8 #"list-ref"
0 0 24 3 1 #" "
0 0 14 3 13 #"picked-points"
0 0 24 3 1 #" "
0 0 14 3 1 #"i"
0 0 24 3 4 #")) )"
0 0 24 29 1 #"\n"
0 0 24 3 35 #"                                  ("
0 0 14 3 4 #"cons"
0 0 24 3 2 #" ("
0 0 14 3 1 #"+"
0 0 24 3 2 #" ("
0 0 14 3 1 #"*"
0 0 24 3 1 #" "
0 0 14 3 1 #"h"
0 0 24 3 2 #" ("
0 0 14 3 1 #"-"
0 0 24 3 1 #" "
0 0 21 3 1 #"1"
0 0 24 3 1 #" "
0 0 14 3 5 #"ratio"
0 0 24 3 4 #")) ("
0 0 14 3 1 #"*"
0 0 24 3 2 #" ("
0 0 14 3 5 #"caadr"
0 0 24 3 2 #" ("
0 0 14 3 8 #"list-ref"
0 0 24 3 1 #" "
0 0 14 3 13 #"picked-points"
0 0 24 3 1 #" "
0 0 14 3 1 #"i"
0 0 24 3 3 #")) "
0 0 14 3 5 #"ratio"
0 0 24 3 5 #"))  ("
0 0 14 3 5 #"cdadr"
0 0 24 3 2 #" ("
0 0 14 3 8 #"list-ref"
0 0 24 3 1 #" "
0 0 14 3 13 #"picked-points"
0 0 24 3 1 #" "
0 0 14 3 1 #"i"
0 0 24 3 3 #")))"
0 0 24 29 1 #"\n"
0 0 24 3 35 #"                                  ("
0 0 14 3 4 #"cons"
0 0 24 3 2 #" ("
0 0 14 3 1 #"+"
0 0 24 3 2 #" ("
0 0 14 3 1 #"*"
0 0 24 3 1 #" "
0 0 14 3 1 #"h"
0 0 24 3 2 #" ("
0 0 14 3 1 #"-"
0 0 24 3 1 #" "
0 0 21 3 1 #"1"
0 0 24 3 1 #" "
0 0 14 3 5 #"ratio"
0 0 24 3 4 #")) ("
0 0 14 3 1 #"*"
0 0 24 3 2 #" ("
0 0 14 3 6 #"caaddr"
0 0 24 3 2 #" ("
0 0 14 3 8 #"list-ref"
0 0 24 3 1 #" "
0 0 14 3 13 #"picked-points"
0 0 24 3 1 #" "
0 0 14 3 1 #"i"
0 0 24 3 3 #")) "
0 0 14 3 5 #"ratio"
0 0 24 3 4 #")) ("
0 0 14 3 6 #"cdaddr"
0 0 24 3 2 #" ("
0 0 14 3 8 #"list-ref"
0 0 24 3 1 #" "
0 0 14 3 13 #"picked-points"
0 0 24 3 1 #" "
0 0 14 3 1 #"i"
0 0 24 3 4 #")) )"
0 0 24 29 1 #"\n"
0 0 24 3 35 #"                                  ("
0 0 14 3 4 #"cons"
0 0 24 3 2 #" ("
0 0 14 3 1 #"+"
0 0 24 3 2 #" ("
0 0 14 3 1 #"*"
0 0 24 3 1 #" "
0 0 14 3 1 #"h"
0 0 24 3 2 #" ("
0 0 14 3 1 #"-"
0 0 24 3 1 #" "
0 0 21 3 1 #"1"
0 0 24 3 1 #" "
0 0 14 3 5 #"ratio"
0 0 24 3 4 #")) ("
0 0 14 3 1 #"*"
0 0 24 3 2 #" ("
0 0 14 3 4 #"caar"
0 0 24 3 2 #" ("
0 0 14 3 5 #"cdddr"
0 0 24 3 2 #" ("
0 0 14 3 8 #"list-ref"
0 0 24 3 1 #" "
0 0 14 3 13 #"picked-points"
0 0 24 3 1 #" "
0 0 14 3 1 #"i"
0 0 24 3 4 #"))) "
0 0 14 3 5 #"ratio"
0 0 24 3 5 #"))  ("
0 0 14 3 4 #"cdar"
0 0 24 3 2 #" ("
0 0 14 3 5 #"cdddr"
0 0 24 3 2 #" ("
0 0 14 3 8 #"list-ref"
0 0 24 3 1 #" "
0 0 14 3 13 #"picked-points"
0 0 24 3 1 #" "
0 0 14 3 1 #"i"
0 0 24 3 6 #"))) ))"
0 0 24 29 1 #"\n"
0 0 24 3 35 #"                                   "
0 0 14 3 10 #"cur-points"
0 0 24 3 1 #" "
0 0 24 29 1 #"\n"
0 0 24 3 39 #"                                   ))])"
0 0 24 29 1 #"\n"
0 0 24 3 26 #"                        )]"
0 0 24 29 1 #"\n"
0 0 24 3 11 #"           "
0 0 24 29 1 #"\n"
0 0 24 3 12 #"           )"
0 0 24 29 1 #"\n"
0 0 24 3 7 #"      ("
0 0 14 3 7 #"display"
0 0 24 3 2 #" ("
0 0 14 3 2 #"dy"
0 0 14 3 1 #"1"
0 0 24 3 1 #" "
0 0 21 3 1 #"1"
0 0 24 3 2 #"))"
0 0 24 29 1 #"\n"
0 0 24 3 6 #"      "
0 0 17 3 2 #";("
0 0 17 3 7 #"display"
0 0 17 3 2 #" ("
0 0 17 3 8 #"list-ref"
0 0 17 3 1 #" "
0 0 17 3 9 #"my-points"
0 0 17 3 1 #" "
0 0 17 3 3 #"0))"
0 0 24 29 1 #"\n"
0 0 24 3 7 #"      ("
0 0 15 3 3 #"let"
0 0 24 3 1 #" "
0 0 14 3 7 #"kernel2"
0 0 24 3 3 #" (["
0 0 14 3 1 #"i"
0 0 24 3 1 #" "
0 0 21 3 1 #"0"
0 0 24 3 2 #"])"
0 0 24 29 1 #"\n"
0 0 24 3 9 #"        ("
0 0 15 3 4 #"when"
0 0 24 3 2 #" ("
0 0 14 3 2 #"<="
0 0 24 3 1 #" "
0 0 14 3 1 #"i"
0 0 24 3 1 #" "
0 0 14 3 3 #"num"
0 0 24 3 1 #")"
0 0 24 29 1 #"\n"
0 0 24 3 11 #"          ("
0 0 14 3 21 #"image-select-polygon!"
0 0 24 3 1 #" "
0 0 14 3 5 #"image"
0 0 24 3 1 #" "
0 0 14 3 7 #"REPLACE"
0 0 24 3 2 #" ("
0 0 14 3 8 #"list-ref"
0 0 24 3 1 #" "
0 0 14 3 9 #"my-points"
0 0 24 3 1 #" "
0 0 14 3 1 #"i"
0 0 24 3 2 #"))"
0 0 24 29 1 #"\n"
0 0 24 3 10 #"          "
0 0 17 3 2 #";("
0 0 17 3 23 #"image-stroke-selection!"
0 0 17 3 1 #" "
0 0 17 3 6 #"image)"
0 0 24 29 1 #"\n"
0 0 24 3 11 #"          ("
0 0 14 3 21 #"image-select-nothing!"
0 0 24 3 1 #" "
0 0 14 3 5 #"image"
0 0 24 3 1 #")"
0 0 24 29 1 #"\n"
0 0 24 3 11 #"          ("
0 0 14 3 7 #"kernel2"
0 0 24 3 2 #" ("
0 0 14 3 1 #"+"
0 0 24 3 1 #" "
0 0 14 3 1 #"i"
0 0 24 3 1 #" "
0 0 21 3 1 #"1"
0 0 24 3 2 #"))"
0 0 24 29 1 #"\n"
0 0 24 3 11 #"          )"
0 0 24 29 1 #"\n"
0 0 24 3 9 #"        )"
0 0 24 29 1 #"\n"
0 0 24 3 7 #"      )"
0 0 24 29 1 #"\n"
0 0 24 3 4 #"  ))"
0 0 24 29 1 #"\n"
0 0 24 29 1 #"\n"
0 0 24 29 1 #"\n"
0 0 24 3 1 #"("
0 0 15 3 6 #"define"
0 0 24 3 1 #" "
0 0 14 3 18 #"draw-magic-circle2"
0 0 24 29 1 #"\n"
0 0 24 3 3 #"  ("
0 0 15 3 6 #"lambda"
0 0 24 3 2 #" ("
0 0 14 3 3 #"num"
0 0 24 3 1 #" "
0 0 14 3 5 #"width"
0 0 24 3 1 #" "
0 0 14 3 6 #"height"
0 0 24 3 1 #")"
0 0 24 29 1 #"\n"
0 0 24 3 4 #"   ("
0 0 15 3 4 #"let*"
0 0 24 3 3 #" (["
0 0 14 3 4 #"nums"
0 0 24 3 2 #" ("
0 0 14 3 9 #"split-num"
0 0 24 3 1 #" "
0 0 14 3 3 #"num"
0 0 24 3 2 #")]"
0 0 24 29 1 #"\n"
0 0 24 3 11 #"          ["
0 0 14 3 4 #"fnum"
0 0 24 3 2 #" ("
0 0 14 3 3 #"car"
0 0 24 3 1 #" "
0 0 14 3 4 #"nums"
0 0 24 3 2 #")]"
0 0 24 29 1 #"\n"
0 0 24 3 11 #"          ["
0 0 14 3 4 #"snum"
0 0 24 3 2 #" ("
0 0 14 3 4 #"cadr"
0 0 24 3 1 #" "
0 0 14 3 4 #"nums"
0 0 24 3 2 #")]"
0 0 24 29 1 #"\n"
0 0 24 3 11 #"          ["
0 0 14 3 4 #"tnum"
0 0 24 3 2 #" ("
0 0 14 3 5 #"caddr"
0 0 24 3 1 #" "
0 0 14 3 4 #"nums"
0 0 24 3 2 #")]"
0 0 24 29 1 #"\n"
0 0 24 3 11 #"          ["
0 0 14 3 5 #"image"
0 0 24 3 2 #" ("
0 0 14 3 9 #"image-new"
0 0 24 3 1 #" "
0 0 14 3 5 #"width"
0 0 24 3 1 #" "
0 0 14 3 6 #"height"
0 0 24 3 2 #")]"
0 0 24 29 1 #"\n"
0 0 24 3 11 #"          ["
0 0 14 3 5 #"tommy"
0 0 24 3 2 #" ("
0 0 14 3 10 #"turtle-new"
0 0 24 3 1 #" "
0 0 14 3 5 #"image"
0 0 24 3 2 #")]"
0 0 24 29 1 #"\n"
0 0 24 3 11 #"          ["
0 0 14 3 2 #"HR"
0 0 24 3 2 #" ("
0 0 14 3 1 #"*"
0 0 24 3 1 #" "
0 0 21 3 3 #"0.8"
0 0 24 3 1 #" "
0 0 14 3 5 #"width"
0 0 24 3 2 #")]"
0 0 24 29 1 #"\n"
0 0 24 3 11 #"          ["
0 0 14 3 2 #"VR"
0 0 24 3 2 #" ("
0 0 14 3 1 #"*"
0 0 24 3 1 #" "
0 0 21 3 3 #"0.8"
0 0 24 3 1 #" "
0 0 14 3 6 #"height"
0 0 24 3 2 #")]"
0 0 24 29 1 #"\n"
0 0 24 3 11 #"          ["
0 0 14 3 5 #"ratio"
0 0 24 3 2 #" ("
0 0 14 3 1 #"/"
0 0 24 3 1 #" "
0 0 14 3 5 #"width"
0 0 24 3 1 #" "
0 0 14 3 6 #"height"
0 0 24 3 2 #")]"
0 0 24 29 1 #"\n"
0 0 24 3 11 #"          ["
0 0 14 3 5 #"c-col"
0 0 24 3 2 #" ("
0 0 14 3 1 #"/"
0 0 24 3 1 #" "
0 0 14 3 5 #"width"
0 0 24 3 1 #" "
0 0 21 3 1 #"2"
0 0 24 3 2 #")]"
0 0 24 29 1 #"\n"
0 0 24 3 11 #"          ["
0 0 14 3 5 #"c-row"
0 0 24 3 2 #" ("
0 0 14 3 1 #"/"
0 0 24 3 1 #" "
0 0 14 3 6 #"height"
0 0 24 3 1 #" "
0 0 21 3 1 #"2"
0 0 24 3 2 #")]"
0 0 24 29 1 #"\n"
0 0 24 3 11 #"          ["
0 0 14 3 7 #"fgcolor"
0 0 24 3 2 #" ("
0 0 14 3 14 #"generate-color"
0 0 24 3 1 #" "
0 0 14 3 4 #"fnum"
0 0 24 3 2 #")]"
0 0 24 29 1 #"\n"
0 0 24 3 11 #"          )"
0 0 24 29 1 #"\n"
0 0 24 3 5 #"     "
0 0 24 29 1 #"\n"
0 0 24 3 7 #"      ("
0 0 14 3 7 #"draw-bg"
0 0 24 3 1 #" "
0 0 14 3 5 #"image"
0 0 24 3 1 #" "
0 0 14 3 7 #"fgcolor"
0 0 24 3 1 #")"
0 0 24 29 1 #"\n"
0 0 24 3 6 #"      "
0 0 24 29 1 #"\n"
0 0 24 3 6 #"      "
0 0 24 29 1 #"\n"
0 0 24 3 7 #"      ("
0 0 14 3 20 #"context-set-fgcolor!"
0 0 24 3 2 #" ("
0 0 14 3 12 #"irgb-lighter"
0 0 24 3 2 #" ("
0 0 14 3 12 #"irgb-lighter"
0 0 24 3 1 #" "
0 0 14 3 7 #"fgcolor"
0 0 24 3 3 #")))"
0 0 24 29 1 #"\n"
0 0 24 3 7 #"      ("
0 0 14 3 18 #"context-set-brush!"
0 0 24 3 1 #" "
0 0 19 3 15 #"\"Star Brush #2\""
0 0 24 3 1 #")"
0 0 24 29 1 #"\n"
0 0 24 3 7 #"      ("
0 0 14 3 8 #"for-each"
0 0 24 3 1 #" "
0 0 14 3 11 #"image-blot!"
0 0 24 3 2 #" ("
0 0 14 3 9 #"make-list"
0 0 24 3 1 #" "
0 0 21 3 2 #"25"
0 0 24 3 1 #" "
0 0 14 3 5 #"image"
0 0 24 3 1 #")"
0 0 24 29 1 #"\n"
0 0 24 3 29 #"                            ("
0 0 14 3 3 #"map"
0 0 24 3 1 #" "
0 0 14 3 7 #"ceiling"
0 0 24 3 2 #" ("
0 0 14 3 3 #"map"
0 0 24 3 2 #" ("
0 0 14 3 3 #"l-s"
0 0 24 3 1 #" "
0 0 14 3 1 #"*"
0 0 24 3 2 #" ("
0 0 14 3 1 #"/"
0 0 24 3 1 #" "
0 0 14 3 5 #"width"
0 0 24 3 1 #" "
0 0 21 3 2 #"25"
0 0 24 3 3 #")) "
0 0 14 3 9 #"star-col1"
0 0 24 3 2 #"))"
0 0 24 29 1 #"\n"
0 0 24 3 29 #"                            ("
0 0 14 3 3 #"map"
0 0 24 3 1 #" "
0 0 14 3 7 #"ceiling"
0 0 24 3 2 #" ("
0 0 14 3 3 #"map"
0 0 24 3 2 #" ("
0 0 14 3 3 #"l-s"
0 0 24 3 1 #" "
0 0 14 3 1 #"*"
0 0 24 3 2 #" ("
0 0 14 3 1 #"/"
0 0 24 3 1 #" "
0 0 14 3 6 #"height"
0 0 24 3 1 #" "
0 0 21 3 2 #"25"
0 0 24 3 3 #")) "
0 0 14 3 9 #"star-row1"
0 0 24 3 3 #")))"
0 0 24 29 1 #"\n"
0 0 24 3 6 #"      "
0 0 24 29 1 #"\n"
0 0 24 3 7 #"      ("
0 0 14 3 20 #"context-set-fgcolor!"
0 0 24 3 1 #" "
0 0 19 3 7 #"\"white\""
0 0 24 3 1 #")"
0 0 24 29 1 #"\n"
0 0 24 3 7 #"      ("
0 0 14 3 8 #"for-each"
0 0 24 3 1 #" "
0 0 14 3 11 #"image-blot!"
0 0 24 3 2 #" ("
0 0 14 3 9 #"make-list"
0 0 24 3 1 #" "
0 0 21 3 2 #"25"
0 0 24 3 1 #" "
0 0 14 3 5 #"image"
0 0 24 3 1 #")"
0 0 24 29 1 #"\n"
0 0 24 3 29 #"                            ("
0 0 14 3 3 #"map"
0 0 24 3 1 #" "
0 0 14 3 7 #"ceiling"
0 0 24 3 2 #" ("
0 0 14 3 3 #"map"
0 0 24 3 2 #" ("
0 0 14 3 3 #"l-s"
0 0 24 3 1 #" "
0 0 14 3 1 #"*"
0 0 24 3 2 #" ("
0 0 14 3 1 #"/"
0 0 24 3 1 #" "
0 0 14 3 5 #"width"
0 0 24 3 1 #" "
0 0 21 3 2 #"25"
0 0 24 3 3 #")) "
0 0 14 3 9 #"star-col2"
0 0 24 3 2 #"))"
0 0 24 29 1 #"\n"
0 0 24 3 29 #"                            ("
0 0 14 3 3 #"map"
0 0 24 3 1 #" "
0 0 14 3 7 #"ceiling"
0 0 24 3 2 #" ("
0 0 14 3 3 #"map"
0 0 24 3 2 #" ("
0 0 14 3 3 #"l-s"
0 0 24 3 1 #" "
0 0 14 3 1 #"*"
0 0 24 3 2 #" ("
0 0 14 3 1 #"/"
0 0 24 3 1 #" "
0 0 14 3 6 #"height"
0 0 24 3 1 #" "
0 0 21 3 2 #"25"
0 0 24 3 3 #")) "
0 0 14 3 9 #"star-row2"
0 0 24 3 3 #")))"
0 0 24 29 1 #"\n"
0 0 24 3 6 #"      "
0 0 24 29 1 #"\n"
0 0 24 3 6 #"      "
0 0 24 29 1 #"\n"
0 0 24 3 7 #"      ("
0 0 14 3 20 #"context-set-fgcolor!"
0 0 24 3 1 #" "
0 0 14 3 7 #"fgcolor"
0 0 24 3 1 #")"
0 0 24 29 1 #"\n"
0 0 24 3 7 #"      ("
0 0 14 3 18 #"context-set-brush!"
0 0 24 3 1 #" "
0 0 19 3 15 #"\"GIMP Brush #1\""
0 0 24 3 1 #")"
0 0 24 29 1 #"\n"
0 0 24 3 7 #"      ("
0 0 14 3 21 #"image-select-ellipse!"
0 0 24 3 1 #" "
0 0 14 3 5 #"image"
0 0 24 3 1 #" "
0 0 14 3 7 #"REPLACE"
0 0 24 3 2 #" ("
0 0 14 3 1 #"*"
0 0 24 3 1 #" "
0 0 21 3 3 #"0.1"
0 0 24 3 1 #" "
0 0 14 3 5 #"width"
0 0 24 3 3 #") ("
0 0 14 3 1 #"*"
0 0 24 3 1 #" "
0 0 21 3 3 #"0.1"
0 0 24 3 1 #" "
0 0 14 3 6 #"height"
0 0 24 3 2 #") "
0 0 14 3 2 #"HR"
0 0 24 3 1 #" "
0 0 14 3 2 #"VR"
0 0 24 3 1 #")"
0 0 24 29 1 #"\n"
0 0 24 3 7 #"      ("
0 0 14 3 23 #"image-stroke-selection!"
0 0 24 3 1 #" "
0 0 14 3 5 #"image"
0 0 24 3 1 #")"
0 0 24 29 1 #"\n"
0 0 24 3 7 #"      ("
0 0 14 3 21 #"image-select-nothing!"
0 0 24 3 1 #" "
0 0 14 3 5 #"image"
0 0 24 3 1 #")"
0 0 24 29 1 #"\n"
0 0 24 3 5 #"     "
0 0 24 29 1 #"\n"
0 0 24 3 7 #"      ("
0 0 14 3 18 #"context-set-brush!"
0 0 24 3 1 #" "
0 0 19 3 17 #"\"2. Hardness 025\""
0 0 24 3 1 #" "
0 0 21 3 1 #"3"
0 0 24 3 1 #")"
0 0 24 29 1 #"\n"
0 0 24 3 7 #"      ("
0 0 14 3 21 #"image-select-ellipse!"
0 0 24 3 1 #" "
0 0 14 3 5 #"image"
0 0 24 3 1 #" "
0 0 14 3 7 #"REPLACE"
0 0 24 3 2 #" ("
0 0 14 3 1 #"*"
0 0 24 3 1 #" "
0 0 21 3 4 #"0.14"
0 0 24 3 1 #" "
0 0 14 3 5 #"width"
0 0 24 3 3 #") ("
0 0 14 3 1 #"*"
0 0 24 3 1 #" "
0 0 21 3 4 #"0.14"
0 0 24 3 1 #" "
0 0 14 3 6 #"height"
0 0 24 3 3 #") ("
0 0 14 3 1 #"*"
0 0 24 3 1 #" "
0 0 14 3 2 #"HR"
0 0 24 3 1 #" "
0 0 21 3 3 #"0.9"
0 0 24 3 3 #") ("
0 0 14 3 1 #"*"
0 0 24 3 1 #" "
0 0 14 3 2 #"VR"
0 0 24 3 1 #" "
0 0 21 3 3 #"0.9"
0 0 24 3 2 #"))"
0 0 24 29 1 #"\n"
0 0 24 3 7 #"      ("
0 0 14 3 23 #"image-stroke-selection!"
0 0 24 3 1 #" "
0 0 14 3 5 #"image"
0 0 24 3 1 #")"
0 0 24 29 1 #"\n"
0 0 24 3 7 #"      ("
0 0 14 3 21 #"image-select-nothing!"
0 0 24 3 1 #" "
0 0 14 3 5 #"image"
0 0 24 3 1 #")"
0 0 24 29 1 #"\n"
0 0 24 3 6 #"      "
0 0 24 29 1 #"\n"
0 0 24 3 7 #"      ("
0 0 14 3 18 #"context-set-brush!"
0 0 24 3 1 #" "
0 0 19 3 6 #"\"Nova\""
0 0 24 3 1 #")"
0 0 24 29 1 #"\n"
0 0 24 3 7 #"      ("
0 0 14 3 12 #"draw-squares"
0 0 24 3 1 #" "
0 0 14 3 5 #"image"
0 0 24 3 1 #" "
0 0 14 3 4 #"fnum"
0 0 24 3 2 #" ("
0 0 14 3 1 #"/"
0 0 24 3 1 #" "
0 0 14 3 2 #"VR"
0 0 24 3 1 #" "
0 0 21 3 1 #"2"
0 0 24 3 2 #") "
0 0 14 3 5 #"ratio"
0 0 24 3 1 #" "
0 0 14 3 5 #"c-col"
0 0 24 3 1 #" "
0 0 14 3 5 #"c-row"
0 0 24 3 1 #")"
0 0 24 29 1 #"\n"
0 0 24 3 5 #"     "
0 0 24 29 1 #"\n"
0 0 24 3 6 #"      "
0 0 17 3 2 #";("
0 0 17 3 22 #"image-refresh-display!"
0 0 17 3 1 #" "
0 0 17 3 6 #"image)"
0 0 24 29 1 #"\n"
0 0 24 3 6 #"      "
0 0 17 3 2 #";("
0 0 17 3 10 #"image-show"
0 0 17 3 1 #" "
0 0 17 3 6 #"image)"
0 0 24 29 1 #"\n"
0 0 24 3 6 #"     )"
0 0 24 29 1 #"\n"
0 0 24 3 4 #"  ))"
0 0 24 29 1 #"\n"
0 0 24 29 1 #"\n"
0 0 24 29 1 #"\n"
0 0 24 29 1 #"\n"
0           0
